"IndividualId","Time [min]","Organism|blockA|mol1 [µmol]","Organism|blockB|mol1 [µmol]","Organism|blockB|mol1|twice_mol1_blockB [µmol]","Organism|blockA|mol1|Concentration [µmol/l]"
0,0,10,0,0,10
0,0.6,6.505896,3.494104,6.988208,6.505896
0,1.2,5.453003,4.546997,9.093994,5.453003
0,1.8,5.135563,4.864437,9.728873,5.135563
0,2.4,5.040634,4.959366,9.918732,5.040634
0,3,5.012173,4.987827,9.975655,5.012173
0,3.6,5.003547,4.996453,9.992906,5.003547
0,4.2,5.000996,4.999004,9.998009,5.000996
0,4.8,5.00028,4.99972,9.999439,5.00028
0,5.4,4.999917,5.000083,10.00017,4.999917
0,6,4.99969,5.00031,10.00062,4.99969
0,6.6,4.999718,5.000282,10.00056,4.999718
0,7.2,4.999881,5.000119,10.00024,4.999881
0,7.8,4.999995,5.000005,10.00001,4.999995
0,8.4,5.000075,4.999925,9.99985,5.000075
0,9,5.000114,4.999886,9.999772,5.000114
0,9.6,5.000097,4.999903,9.999806,5.000097
0,10.2,0.8241043,4.175805,8.351609,0.8241043
0,10.8,1.99569,3.004219,6.008438,1.99569
0,11.4,2.348713,2.651196,5.302392,2.348713
0,12,2.454515,2.545394,5.090789,2.454515
0,12.6,2.486582,2.513326,5.026653,2.486582
0,13.2,2.495939,2.50397,5.007941,2.495939
0,13.8,2.498757,2.501152,5.002304,2.498757
0,14.4,2.499721,2.500188,5.000377,2.499721
0,15,2.50021,2.499699,4.999398,2.50021
0,15.6,2.50032,2.499588,4.999177,2.50032
0,16.2,2.500163,2.499746,4.999493,2.500163
0,16.8,2.499995,2.499913,4.999827,2.499995
0,17.4,2.499899,2.50001,5.000021,2.499899
0,18,2.499883,2.500026,5.000051,2.499883
0,18.6,2.499883,2.500026,5.000052,2.499883
0,19.2,2.499918,2.499991,4.999982,2.499918
0,19.8,2.499944,2.499964,4.999928,2.499944
0,20.4,2.499972,2.499937,4.999874,2.499972
0,21,2.499999,2.49991,4.999819,2.499999
0,21.6,2.500002,2.499907,4.999814,2.500002
0,22.2,2.499991,2.499918,4.999836,2.499991
0,22.8,2.499993,2.499916,4.999832,2.499993
0,23.4,2.499985,2.499924,4.999847,2.499985
0,24,2.499971,2.499938,4.999876,2.499971
0,24.6,2.499963,2.499946,4.999891,2.499963
0,25.2,2.499957,2.499951,4.999903,2.499957
0,25.8,2.499954,2.499954,4.999908,2.499954
0,26.4,2.499951,2.499958,4.999915,2.499951
0,27,2.49995,2.499959,4.999917,2.49995
0,27.6,2.499952,2.499957,4.999914,2.499952
0,28.2,2.499949,2.499959,4.999919,2.499949
0,28.8,2.499948,2.499961,4.999923,2.499948
0,29.4,2.499947,2.499962,4.999924,2.499947
0,30,2.499947,2.499962,4.999924,2.499947
0,30.6,2.499948,2.499961,4.999922,2.499948
0,31.2,2.499949,2.499959,4.999919,2.499949
0,31.8,2.499952,2.499957,4.999914,2.499952
0,32.4,2.499952,2.499957,4.999914,2.499952
0,33,2.499952,2.499957,4.999913,2.499952
0,33.6,2.499953,2.499956,4.999913,2.499953
0,34.2,2.499953,2.499956,4.999912,2.499953
0,34.8,2.499953,2.499956,4.999911,2.499953
0,35.4,2.499954,2.499955,4.99991,2.499954
0,36,2.499954,2.499955,4.999909,2.499954
0,36.6,2.499954,2.499955,4.999909,2.499954
0,37.2,2.499954,2.499955,4.999909,2.499954
0,37.8,2.499954,2.499954,4.999909,2.499954
0,38.4,2.499954,2.499954,4.999909,2.499954
0,39,2.499954,2.499954,4.999909,2.499954
0,39.6,2.499954,2.499954,4.999909,2.499954
0,40.2,2.499954,2.499954,4.999908,2.499954
0,40.8,2.499954,2.499954,4.999908,2.499954
0,41.4,2.499954,2.499954,4.999908,2.499954
0,42,2.499954,2.499954,4.999908,2.499954
0,42.6,2.499954,2.499954,4.999909,2.499954
0,43.2,2.499954,2.499954,4.999909,2.499954
0,43.8,2.499954,2.499954,4.999909,2.499954
0,44.4,2.499954,2.499954,4.999909,2.499954
0,45,2.499954,2.499954,4.999909,2.499954
0,45.6,2.499954,2.499954,4.999909,2.499954
0,46.2,2.499954,2.499954,4.999909,2.499954
0,46.8,2.499954,2.499954,4.999909,2.499954
0,47.4,2.499954,2.499954,4.999909,2.499954
0,48,2.499954,2.499954,4.999909,2.499954
0,48.6,2.499954,2.499954,4.999909,2.499954
0,49.2,2.499954,2.499954,4.999909,2.499954
0,49.8,2.499954,2.499954,4.999909,2.499954
0,50.4,2.499954,2.499954,4.999909,2.499954
0,51,2.499954,2.499954,4.999909,2.499954
0,51.6,2.499954,2.499954,4.999909,2.499954
0,52.2,2.499954,2.499954,4.999909,2.499954
0,52.8,2.499954,2.499954,4.999909,2.499954
0,53.4,2.499954,2.499954,4.999909,2.499954
0,54,2.499954,2.499954,4.999909,2.499954
0,54.6,2.499954,2.499954,4.999909,2.499954
0,55.2,2.499954,2.499954,4.999909,2.499954
0,55.8,2.499954,2.499954,4.999909,2.499954
0,56.4,2.499954,2.499954,4.999909,2.499954
0,57,2.499954,2.499954,4.999909,2.499954
0,57.6,2.499954,2.499954,4.999909,2.499954
0,58.2,2.499954,2.499954,4.999909,2.499954
0,58.8,2.499954,2.499954,4.999909,2.499954
0,59.4,2.499954,2.499954,4.999909,2.499954
0,60,2.499954,2.499954,4.999909,2.499954
1,0,10,0,0,10
1,0.6,6.505896,3.494104,6.988208,6.505896
1,1.2,5.453003,4.546997,9.093994,5.453003
1,1.8,5.135563,4.864437,9.728873,5.135563
1,2.4,5.040634,4.959366,9.918732,5.040634
1,3,5.012173,4.987827,9.975655,5.012173
1,3.6,5.003547,4.996453,9.992906,5.003547
1,4.2,5.000996,4.999004,9.998009,5.000996
1,4.8,5.00028,4.99972,9.999439,5.00028
1,5.4,4.999917,5.000083,10.00017,4.999917
1,6,4.99969,5.00031,10.00062,4.99969
1,6.6,4.999718,5.000282,10.00056,4.999718
1,7.2,4.999881,5.000119,10.00024,4.999881
1,7.8,4.999995,5.000005,10.00001,4.999995
1,8.4,5.000075,4.999925,9.99985,5.000075
1,9,5.000114,4.999886,9.999772,5.000114
1,9.6,5.000097,4.999903,9.999806,5.000097
1,10.2,0.8241043,4.175805,8.351609,0.8241043
1,10.8,1.99569,3.004219,6.008438,1.99569
1,11.4,2.348713,2.651196,5.302392,2.348713
1,12,2.454515,2.545394,5.090789,2.454515
1,12.6,2.486582,2.513326,5.026653,2.486582
1,13.2,2.495939,2.50397,5.007941,2.495939
1,13.8,2.498757,2.501152,5.002304,2.498757
1,14.4,2.499721,2.500188,5.000377,2.499721
1,15,2.50021,2.499699,4.999398,2.50021
1,15.6,2.50032,2.499588,4.999177,2.50032
1,16.2,2.500163,2.499746,4.999493,2.500163
1,16.8,2.499995,2.499913,4.999827,2.499995
1,17.4,2.499899,2.50001,5.000021,2.499899
1,18,2.499883,2.500026,5.000051,2.499883
1,18.6,2.499883,2.500026,5.000052,2.499883
1,19.2,2.499918,2.499991,4.999982,2.499918
1,19.8,2.499944,2.499964,4.999928,2.499944
1,20.4,2.499972,2.499937,4.999874,2.499972
1,21,2.499999,2.49991,4.999819,2.499999
1,21.6,2.500002,2.499907,4.999814,2.500002
1,22.2,2.499991,2.499918,4.999836,2.499991
1,22.8,2.499993,2.499916,4.999832,2.499993
1,23.4,2.499985,2.499924,4.999847,2.499985
1,24,2.499971,2.499938,4.999876,2.499971
1,24.6,2.499963,2.499946,4.999891,2.499963
1,25.2,2.499957,2.499951,4.999903,2.499957
1,25.8,2.499954,2.499954,4.999908,2.499954
1,26.4,2.499951,2.499958,4.999915,2.499951
1,27,2.49995,2.499959,4.999917,2.49995
1,27.6,2.499952,2.499957,4.999914,2.499952
1,28.2,2.499949,2.499959,4.999919,2.499949
1,28.8,2.499948,2.499961,4.999923,2.499948
1,29.4,2.499947,2.499962,4.999924,2.499947
1,30,2.499947,2.499962,4.999924,2.499947
1,30.6,2.499948,2.499961,4.999922,2.499948
1,31.2,2.499949,2.499959,4.999919,2.499949
1,31.8,2.499952,2.499957,4.999914,2.499952
1,32.4,2.499952,2.499957,4.999914,2.499952
1,33,2.499952,2.499957,4.999913,2.499952
1,33.6,2.499953,2.499956,4.999913,2.499953
1,34.2,2.499953,2.499956,4.999912,2.499953
1,34.8,2.499953,2.499956,4.999911,2.499953
1,35.4,2.499954,2.499955,4.99991,2.499954
1,36,2.499954,2.499955,4.999909,2.499954
1,36.6,2.499954,2.499955,4.999909,2.499954
1,37.2,2.499954,2.499955,4.999909,2.499954
1,37.8,2.499954,2.499954,4.999909,2.499954
1,38.4,2.499954,2.499954,4.999909,2.499954
1,39,2.499954,2.499954,4.999909,2.499954
1,39.6,2.499954,2.499954,4.999909,2.499954
1,40.2,2.499954,2.499954,4.999908,2.499954
1,40.8,2.499954,2.499954,4.999908,2.499954
1,41.4,2.499954,2.499954,4.999908,2.499954
1,42,2.499954,2.499954,4.999908,2.499954
1,42.6,2.499954,2.499954,4.999909,2.499954
1,43.2,2.499954,2.499954,4.999909,2.499954
1,43.8,2.499954,2.499954,4.999909,2.499954
1,44.4,2.499954,2.499954,4.999909,2.499954
1,45,2.499954,2.499954,4.999909,2.499954
1,45.6,2.499954,2.499954,4.999909,2.499954
1,46.2,2.499954,2.499954,4.999909,2.499954
1,46.8,2.499954,2.499954,4.999909,2.499954
1,47.4,2.499954,2.499954,4.999909,2.499954
1,48,2.499954,2.499954,4.999909,2.499954
1,48.6,2.499954,2.499954,4.999909,2.499954
1,49.2,2.499954,2.499954,4.999909,2.499954
1,49.8,2.499954,2.499954,4.999909,2.499954
1,50.4,2.499954,2.499954,4.999909,2.499954
1,51,2.499954,2.499954,4.999909,2.499954
1,51.6,2.499954,2.499954,4.999909,2.499954
1,52.2,2.499954,2.499954,4.999909,2.499954
1,52.8,2.499954,2.499954,4.999909,2.499954
1,53.4,2.499954,2.499954,4.999909,2.499954
1,54,2.499954,2.499954,4.999909,2.499954
1,54.6,2.499954,2.499954,4.999909,2.499954
1,55.2,2.499954,2.499954,4.999909,2.499954
1,55.8,2.499954,2.499954,4.999909,2.499954
1,56.4,2.499954,2.499954,4.999909,2.499954
1,57,2.499954,2.499954,4.999909,2.499954
1,57.6,2.499954,2.499954,4.999909,2.499954
1,58.2,2.499954,2.499954,4.999909,2.499954
1,58.8,2.499954,2.499954,4.999909,2.499954
1,59.4,2.499954,2.499954,4.999909,2.499954
1,60,2.499954,2.499954,4.999909,2.499954
2,0,10,0,0,10
2,0.6,6.505896,3.494104,6.988208,6.505896
2,1.2,5.453003,4.546997,9.093994,5.453003
2,1.8,5.135563,4.864437,9.728873,5.135563
2,2.4,5.040634,4.959366,9.918732,5.040634
2,3,5.012173,4.987827,9.975655,5.012173
2,3.6,5.003547,4.996453,9.992906,5.003547
2,4.2,5.000996,4.999004,9.998009,5.000996
2,4.8,5.00028,4.99972,9.999439,5.00028
2,5.4,4.999917,5.000083,10.00017,4.999917
2,6,4.99969,5.00031,10.00062,4.99969
2,6.6,4.999718,5.000282,10.00056,4.999718
2,7.2,4.999881,5.000119,10.00024,4.999881
2,7.8,4.999995,5.000005,10.00001,4.999995
2,8.4,5.000075,4.999925,9.99985,5.000075
2,9,5.000114,4.999886,9.999772,5.000114
2,9.6,5.000097,4.999903,9.999806,5.000097
2,10.2,0.8241043,4.175805,8.351609,0.8241043
2,10.8,1.99569,3.004219,6.008438,1.99569
2,11.4,2.348713,2.651196,5.302392,2.348713
2,12,2.454515,2.545394,5.090789,2.454515
2,12.6,2.486582,2.513326,5.026653,2.486582
2,13.2,2.495939,2.50397,5.007941,2.495939
2,13.8,2.498757,2.501152,5.002304,2.498757
2,14.4,2.499721,2.500188,5.000377,2.499721
2,15,2.50021,2.499699,4.999398,2.50021
2,15.6,2.50032,2.499588,4.999177,2.50032
2,16.2,2.500163,2.499746,4.999493,2.500163
2,16.8,2.499995,2.499913,4.999827,2.499995
2,17.4,2.499899,2.50001,5.000021,2.499899
2,18,2.499883,2.500026,5.000051,2.499883
2,18.6,2.499883,2.500026,5.000052,2.499883
2,19.2,2.499918,2.499991,4.999982,2.499918
2,19.8,2.499944,2.499964,4.999928,2.499944
2,20.4,2.499972,2.499937,4.999874,2.499972
2,21,2.499999,2.49991,4.999819,2.499999
2,21.6,2.500002,2.499907,4.999814,2.500002
2,22.2,2.499991,2.499918,4.999836,2.499991
2,22.8,2.499993,2.499916,4.999832,2.499993
2,23.4,2.499985,2.499924,4.999847,2.499985
2,24,2.499971,2.499938,4.999876,2.499971
2,24.6,2.499963,2.499946,4.999891,2.499963
2,25.2,2.499957,2.499951,4.999903,2.499957
2,25.8,2.499954,2.499954,4.999908,2.499954
2,26.4,2.499951,2.499958,4.999915,2.499951
2,27,2.49995,2.499959,4.999917,2.49995
2,27.6,2.499952,2.499957,4.999914,2.499952
2,28.2,2.499949,2.499959,4.999919,2.499949
2,28.8,2.499948,2.499961,4.999923,2.499948
2,29.4,2.499947,2.499962,4.999924,2.499947
2,30,2.499947,2.499962,4.999924,2.499947
2,30.6,2.499948,2.499961,4.999922,2.499948
2,31.2,2.499949,2.499959,4.999919,2.499949
2,31.8,2.499952,2.499957,4.999914,2.499952
2,32.4,2.499952,2.499957,4.999914,2.499952
2,33,2.499952,2.499957,4.999913,2.499952
2,33.6,2.499953,2.499956,4.999913,2.499953
2,34.2,2.499953,2.499956,4.999912,2.499953
2,34.8,2.499953,2.499956,4.999911,2.499953
2,35.4,2.499954,2.499955,4.99991,2.499954
2,36,2.499954,2.499955,4.999909,2.499954
2,36.6,2.499954,2.499955,4.999909,2.499954
2,37.2,2.499954,2.499955,4.999909,2.499954
2,37.8,2.499954,2.499954,4.999909,2.499954
2,38.4,2.499954,2.499954,4.999909,2.499954
2,39,2.499954,2.499954,4.999909,2.499954
2,39.6,2.499954,2.499954,4.999909,2.499954
2,40.2,2.499954,2.499954,4.999908,2.499954
2,40.8,2.499954,2.499954,4.999908,2.499954
2,41.4,2.499954,2.499954,4.999908,2.499954
2,42,2.499954,2.499954,4.999908,2.499954
2,42.6,2.499954,2.499954,4.999909,2.499954
2,43.2,2.499954,2.499954,4.999909,2.499954
2,43.8,2.499954,2.499954,4.999909,2.499954
2,44.4,2.499954,2.499954,4.999909,2.499954
2,45,2.499954,2.499954,4.999909,2.499954
2,45.6,2.499954,2.499954,4.999909,2.499954
2,46.2,2.499954,2.499954,4.999909,2.499954
2,46.8,2.499954,2.499954,4.999909,2.499954
2,47.4,2.499954,2.499954,4.999909,2.499954
2,48,2.499954,2.499954,4.999909,2.499954
2,48.6,2.499954,2.499954,4.999909,2.499954
2,49.2,2.499954,2.499954,4.999909,2.499954
2,49.8,2.499954,2.499954,4.999909,2.499954
2,50.4,2.499954,2.499954,4.999909,2.499954
2,51,2.499954,2.499954,4.999909,2.499954
2,51.6,2.499954,2.499954,4.999909,2.499954
2,52.2,2.499954,2.499954,4.999909,2.499954
2,52.8,2.499954,2.499954,4.999909,2.499954
2,53.4,2.499954,2.499954,4.999909,2.499954
2,54,2.499954,2.499954,4.999909,2.499954
2,54.6,2.499954,2.499954,4.999909,2.499954
2,55.2,2.499954,2.499954,4.999909,2.499954
2,55.8,2.499954,2.499954,4.999909,2.499954
2,56.4,2.499954,2.499954,4.999909,2.499954
2,57,2.499954,2.499954,4.999909,2.499954
2,57.6,2.499954,2.499954,4.999909,2.499954
2,58.2,2.499954,2.499954,4.999909,2.499954
2,58.8,2.499954,2.499954,4.999909,2.499954
2,59.4,2.499954,2.499954,4.999909,2.499954
2,60,2.499954,2.499954,4.999909,2.499954
3,0,10,0,0,10
3,0.6,6.505896,3.494104,6.988208,6.505896
3,1.2,5.453003,4.546997,9.093994,5.453003
3,1.8,5.135563,4.864437,9.728873,5.135563
3,2.4,5.040634,4.959366,9.918732,5.040634
3,3,5.012173,4.987827,9.975655,5.012173
3,3.6,5.003547,4.996453,9.992906,5.003547
3,4.2,5.000996,4.999004,9.998009,5.000996
3,4.8,5.00028,4.99972,9.999439,5.00028
3,5.4,4.999917,5.000083,10.00017,4.999917
3,6,4.99969,5.00031,10.00062,4.99969
3,6.6,4.999718,5.000282,10.00056,4.999718
3,7.2,4.999881,5.000119,10.00024,4.999881
3,7.8,4.999995,5.000005,10.00001,4.999995
3,8.4,5.000075,4.999925,9.99985,5.000075
3,9,5.000114,4.999886,9.999772,5.000114
3,9.6,5.000097,4.999903,9.999806,5.000097
3,10.2,0.8241043,4.175805,8.351609,0.8241043
3,10.8,1.99569,3.004219,6.008438,1.99569
3,11.4,2.348713,2.651196,5.302392,2.348713
3,12,2.454515,2.545394,5.090789,2.454515
3,12.6,2.486582,2.513326,5.026653,2.486582
3,13.2,2.495939,2.50397,5.007941,2.495939
3,13.8,2.498757,2.501152,5.002304,2.498757
3,14.4,2.499721,2.500188,5.000377,2.499721
3,15,2.50021,2.499699,4.999398,2.50021
3,15.6,2.50032,2.499588,4.999177,2.50032
3,16.2,2.500163,2.499746,4.999493,2.500163
3,16.8,2.499995,2.499913,4.999827,2.499995
3,17.4,2.499899,2.50001,5.000021,2.499899
3,18,2.499883,2.500026,5.000051,2.499883
3,18.6,2.499883,2.500026,5.000052,2.499883
3,19.2,2.499918,2.499991,4.999982,2.499918
3,19.8,2.499944,2.499964,4.999928,2.499944
3,20.4,2.499972,2.499937,4.999874,2.499972
3,21,2.499999,2.49991,4.999819,2.499999
3,21.6,2.500002,2.499907,4.999814,2.500002
3,22.2,2.499991,2.499918,4.999836,2.499991
3,22.8,2.499993,2.499916,4.999832,2.499993
3,23.4,2.499985,2.499924,4.999847,2.499985
3,24,2.499971,2.499938,4.999876,2.499971
3,24.6,2.499963,2.499946,4.999891,2.499963
3,25.2,2.499957,2.499951,4.999903,2.499957
3,25.8,2.499954,2.499954,4.999908,2.499954
3,26.4,2.499951,2.499958,4.999915,2.499951
3,27,2.49995,2.499959,4.999917,2.49995
3,27.6,2.499952,2.499957,4.999914,2.499952
3,28.2,2.499949,2.499959,4.999919,2.499949
3,28.8,2.499948,2.499961,4.999923,2.499948
3,29.4,2.499947,2.499962,4.999924,2.499947
3,30,2.499947,2.499962,4.999924,2.499947
3,30.6,2.499948,2.499961,4.999922,2.499948
3,31.2,2.499949,2.499959,4.999919,2.499949
3,31.8,2.499952,2.499957,4.999914,2.499952
3,32.4,2.499952,2.499957,4.999914,2.499952
3,33,2.499952,2.499957,4.999913,2.499952
3,33.6,2.499953,2.499956,4.999913,2.499953
3,34.2,2.499953,2.499956,4.999912,2.499953
3,34.8,2.499953,2.499956,4.999911,2.499953
3,35.4,2.499954,2.499955,4.99991,2.499954
3,36,2.499954,2.499955,4.999909,2.499954
3,36.6,2.499954,2.499955,4.999909,2.499954
3,37.2,2.499954,2.499955,4.999909,2.499954
3,37.8,2.499954,2.499954,4.999909,2.499954
3,38.4,2.499954,2.499954,4.999909,2.499954
3,39,2.499954,2.499954,4.999909,2.499954
3,39.6,2.499954,2.499954,4.999909,2.499954
3,40.2,2.499954,2.499954,4.999908,2.499954
3,40.8,2.499954,2.499954,4.999908,2.499954
3,41.4,2.499954,2.499954,4.999908,2.499954
3,42,2.499954,2.499954,4.999908,2.499954
3,42.6,2.499954,2.499954,4.999909,2.499954
3,43.2,2.499954,2.499954,4.999909,2.499954
3,43.8,2.499954,2.499954,4.999909,2.499954
3,44.4,2.499954,2.499954,4.999909,2.499954
3,45,2.499954,2.499954,4.999909,2.499954
3,45.6,2.499954,2.499954,4.999909,2.499954
3,46.2,2.499954,2.499954,4.999909,2.499954
3,46.8,2.499954,2.499954,4.999909,2.499954
3,47.4,2.499954,2.499954,4.999909,2.499954
3,48,2.499954,2.499954,4.999909,2.499954
3,48.6,2.499954,2.499954,4.999909,2.499954
3,49.2,2.499954,2.499954,4.999909,2.499954
3,49.8,2.499954,2.499954,4.999909,2.499954
3,50.4,2.499954,2.499954,4.999909,2.499954
3,51,2.499954,2.499954,4.999909,2.499954
3,51.6,2.499954,2.499954,4.999909,2.499954
3,52.2,2.499954,2.499954,4.999909,2.499954
3,52.8,2.499954,2.499954,4.999909,2.499954
3,53.4,2.499954,2.499954,4.999909,2.499954
3,54,2.499954,2.499954,4.999909,2.499954
3,54.6,2.499954,2.499954,4.999909,2.499954
3,55.2,2.499954,2.499954,4.999909,2.499954
3,55.8,2.499954,2.499954,4.999909,2.499954
3,56.4,2.499954,2.499954,4.999909,2.499954
3,57,2.499954,2.499954,4.999909,2.499954
3,57.6,2.499954,2.499954,4.999909,2.499954
3,58.2,2.499954,2.499954,4.999909,2.499954
3,58.8,2.499954,2.499954,4.999909,2.499954
3,59.4,2.499954,2.499954,4.999909,2.499954
3,60,2.499954,2.499954,4.999909,2.499954
4,0,10,0,0,10
4,0.6,6.505896,3.494104,6.988208,6.505896
4,1.2,5.453003,4.546997,9.093994,5.453003
4,1.8,5.135563,4.864437,9.728873,5.135563
4,2.4,5.040634,4.959366,9.918732,5.040634
4,3,5.012173,4.987827,9.975655,5.012173
4,3.6,5.003547,4.996453,9.992906,5.003547
4,4.2,5.000996,4.999004,9.998009,5.000996
4,4.8,5.00028,4.99972,9.999439,5.00028
4,5.4,4.999917,5.000083,10.00017,4.999917
4,6,4.99969,5.00031,10.00062,4.99969
4,6.6,4.999718,5.000282,10.00056,4.999718
4,7.2,4.999881,5.000119,10.00024,4.999881
4,7.8,4.999995,5.000005,10.00001,4.999995
4,8.4,5.000075,4.999925,9.99985,5.000075
4,9,5.000114,4.999886,9.999772,5.000114
4,9.6,5.000097,4.999903,9.999806,5.000097
4,10.2,0.8241043,4.175805,8.351609,0.8241043
4,10.8,1.99569,3.004219,6.008438,1.99569
4,11.4,2.348713,2.651196,5.302392,2.348713
4,12,2.454515,2.545394,5.090789,2.454515
4,12.6,2.486582,2.513326,5.026653,2.486582
4,13.2,2.495939,2.50397,5.007941,2.495939
4,13.8,2.498757,2.501152,5.002304,2.498757
4,14.4,2.499721,2.500188,5.000377,2.499721
4,15,2.50021,2.499699,4.999398,2.50021
4,15.6,2.50032,2.499588,4.999177,2.50032
4,16.2,2.500163,2.499746,4.999493,2.500163
4,16.8,2.499995,2.499913,4.999827,2.499995
4,17.4,2.499899,2.50001,5.000021,2.499899
4,18,2.499883,2.500026,5.000051,2.499883
4,18.6,2.499883,2.500026,5.000052,2.499883
4,19.2,2.499918,2.499991,4.999982,2.499918
4,19.8,2.499944,2.499964,4.999928,2.499944
4,20.4,2.499972,2.499937,4.999874,2.499972
4,21,2.499999,2.49991,4.999819,2.499999
4,21.6,2.500002,2.499907,4.999814,2.500002
4,22.2,2.499991,2.499918,4.999836,2.499991
4,22.8,2.499993,2.499916,4.999832,2.499993
4,23.4,2.499985,2.499924,4.999847,2.499985
4,24,2.499971,2.499938,4.999876,2.499971
4,24.6,2.499963,2.499946,4.999891,2.499963
4,25.2,2.499957,2.499951,4.999903,2.499957
4,25.8,2.499954,2.499954,4.999908,2.499954
4,26.4,2.499951,2.499958,4.999915,2.499951
4,27,2.49995,2.499959,4.999917,2.49995
4,27.6,2.499952,2.499957,4.999914,2.499952
4,28.2,2.499949,2.499959,4.999919,2.499949
4,28.8,2.499948,2.499961,4.999923,2.499948
4,29.4,2.499947,2.499962,4.999924,2.499947
4,30,2.499947,2.499962,4.999924,2.499947
4,30.6,2.499948,2.499961,4.999922,2.499948
4,31.2,2.499949,2.499959,4.999919,2.499949
4,31.8,2.499952,2.499957,4.999914,2.499952
4,32.4,2.499952,2.499957,4.999914,2.499952
4,33,2.499952,2.499957,4.999913,2.499952
4,33.6,2.499953,2.499956,4.999913,2.499953
4,34.2,2.499953,2.499956,4.999912,2.499953
4,34.8,2.499953,2.499956,4.999911,2.499953
4,35.4,2.499954,2.499955,4.99991,2.499954
4,36,2.499954,2.499955,4.999909,2.499954
4,36.6,2.499954,2.499955,4.999909,2.499954
4,37.2,2.499954,2.499955,4.999909,2.499954
4,37.8,2.499954,2.499954,4.999909,2.499954
4,38.4,2.499954,2.499954,4.999909,2.499954
4,39,2.499954,2.499954,4.999909,2.499954
4,39.6,2.499954,2.499954,4.999909,2.499954
4,40.2,2.499954,2.499954,4.999908,2.499954
4,40.8,2.499954,2.499954,4.999908,2.499954
4,41.4,2.499954,2.499954,4.999908,2.499954
4,42,2.499954,2.499954,4.999908,2.499954
4,42.6,2.499954,2.499954,4.999909,2.499954
4,43.2,2.499954,2.499954,4.999909,2.499954
4,43.8,2.499954,2.499954,4.999909,2.499954
4,44.4,2.499954,2.499954,4.999909,2.499954
4,45,2.499954,2.499954,4.999909,2.499954
4,45.6,2.499954,2.499954,4.999909,2.499954
4,46.2,2.499954,2.499954,4.999909,2.499954
4,46.8,2.499954,2.499954,4.999909,2.499954
4,47.4,2.499954,2.499954,4.999909,2.499954
4,48,2.499954,2.499954,4.999909,2.499954
4,48.6,2.499954,2.499954,4.999909,2.499954
4,49.2,2.499954,2.499954,4.999909,2.499954
4,49.8,2.499954,2.499954,4.999909,2.499954
4,50.4,2.499954,2.499954,4.999909,2.499954
4,51,2.499954,2.499954,4.999909,2.499954
4,51.6,2.499954,2.499954,4.999909,2.499954
4,52.2,2.499954,2.499954,4.999909,2.499954
4,52.8,2.499954,2.499954,4.999909,2.499954
4,53.4,2.499954,2.499954,4.999909,2.499954
4,54,2.499954,2.499954,4.999909,2.499954
4,54.6,2.499954,2.499954,4.999909,2.499954
4,55.2,2.499954,2.499954,4.999909,2.499954
4,55.8,2.499954,2.499954,4.999909,2.499954
4,56.4,2.499954,2.499954,4.999909,2.499954
4,57,2.499954,2.499954,4.999909,2.499954
4,57.6,2.499954,2.499954,4.999909,2.499954
4,58.2,2.499954,2.499954,4.999909,2.499954
4,58.8,2.499954,2.499954,4.999909,2.499954
4,59.4,2.499954,2.499954,4.999909,2.499954
4,60,2.499954,2.499954,4.999909,2.499954
5,0,10,0,0,10
5,0.6,6.505896,3.494104,6.988208,6.505896
5,1.2,5.453003,4.546997,9.093994,5.453003
5,1.8,5.135563,4.864437,9.728873,5.135563
5,2.4,5.040634,4.959366,9.918732,5.040634
5,3,5.012173,4.987827,9.975655,5.012173
5,3.6,5.003547,4.996453,9.992906,5.003547
5,4.2,5.000996,4.999004,9.998009,5.000996
5,4.8,5.00028,4.99972,9.999439,5.00028
5,5.4,4.999917,5.000083,10.00017,4.999917
5,6,4.99969,5.00031,10.00062,4.99969
5,6.6,4.999718,5.000282,10.00056,4.999718
5,7.2,4.999881,5.000119,10.00024,4.999881
5,7.8,4.999995,5.000005,10.00001,4.999995
5,8.4,5.000075,4.999925,9.99985,5.000075
5,9,5.000114,4.999886,9.999772,5.000114
5,9.6,5.000097,4.999903,9.999806,5.000097
5,10.2,0.8241043,4.175805,8.351609,0.8241043
5,10.8,1.99569,3.004219,6.008438,1.99569
5,11.4,2.348713,2.651196,5.302392,2.348713
5,12,2.454515,2.545394,5.090789,2.454515
5,12.6,2.486582,2.513326,5.026653,2.486582
5,13.2,2.495939,2.50397,5.007941,2.495939
5,13.8,2.498757,2.501152,5.002304,2.498757
5,14.4,2.499721,2.500188,5.000377,2.499721
5,15,2.50021,2.499699,4.999398,2.50021
5,15.6,2.50032,2.499588,4.999177,2.50032
5,16.2,2.500163,2.499746,4.999493,2.500163
5,16.8,2.499995,2.499913,4.999827,2.499995
5,17.4,2.499899,2.50001,5.000021,2.499899
5,18,2.499883,2.500026,5.000051,2.499883
5,18.6,2.499883,2.500026,5.000052,2.499883
5,19.2,2.499918,2.499991,4.999982,2.499918
5,19.8,2.499944,2.499964,4.999928,2.499944
5,20.4,2.499972,2.499937,4.999874,2.499972
5,21,2.499999,2.49991,4.999819,2.499999
5,21.6,2.500002,2.499907,4.999814,2.500002
5,22.2,2.499991,2.499918,4.999836,2.499991
5,22.8,2.499993,2.499916,4.999832,2.499993
5,23.4,2.499985,2.499924,4.999847,2.499985
5,24,2.499971,2.499938,4.999876,2.499971
5,24.6,2.499963,2.499946,4.999891,2.499963
5,25.2,2.499957,2.499951,4.999903,2.499957
5,25.8,2.499954,2.499954,4.999908,2.499954
5,26.4,2.499951,2.499958,4.999915,2.499951
5,27,2.49995,2.499959,4.999917,2.49995
5,27.6,2.499952,2.499957,4.999914,2.499952
5,28.2,2.499949,2.499959,4.999919,2.499949
5,28.8,2.499948,2.499961,4.999923,2.499948
5,29.4,2.499947,2.499962,4.999924,2.499947
5,30,2.499947,2.499962,4.999924,2.499947
5,30.6,2.499948,2.499961,4.999922,2.499948
5,31.2,2.499949,2.499959,4.999919,2.499949
5,31.8,2.499952,2.499957,4.999914,2.499952
5,32.4,2.499952,2.499957,4.999914,2.499952
5,33,2.499952,2.499957,4.999913,2.499952
5,33.6,2.499953,2.499956,4.999913,2.499953
5,34.2,2.499953,2.499956,4.999912,2.499953
5,34.8,2.499953,2.499956,4.999911,2.499953
5,35.4,2.499954,2.499955,4.99991,2.499954
5,36,2.499954,2.499955,4.999909,2.499954
5,36.6,2.499954,2.499955,4.999909,2.499954
5,37.2,2.499954,2.499955,4.999909,2.499954
5,37.8,2.499954,2.499954,4.999909,2.499954
5,38.4,2.499954,2.499954,4.999909,2.499954
5,39,2.499954,2.499954,4.999909,2.499954
5,39.6,2.499954,2.499954,4.999909,2.499954
5,40.2,2.499954,2.499954,4.999908,2.499954
5,40.8,2.499954,2.499954,4.999908,2.499954
5,41.4,2.499954,2.499954,4.999908,2.499954
5,42,2.499954,2.499954,4.999908,2.499954
5,42.6,2.499954,2.499954,4.999909,2.499954
5,43.2,2.499954,2.499954,4.999909,2.499954
5,43.8,2.499954,2.499954,4.999909,2.499954
5,44.4,2.499954,2.499954,4.999909,2.499954
5,45,2.499954,2.499954,4.999909,2.499954
5,45.6,2.499954,2.499954,4.999909,2.499954
5,46.2,2.499954,2.499954,4.999909,2.499954
5,46.8,2.499954,2.499954,4.999909,2.499954
5,47.4,2.499954,2.499954,4.999909,2.499954
5,48,2.499954,2.499954,4.999909,2.499954
5,48.6,2.499954,2.499954,4.999909,2.499954
5,49.2,2.499954,2.499954,4.999909,2.499954
5,49.8,2.499954,2.499954,4.999909,2.499954
5,50.4,2.499954,2.499954,4.999909,2.499954
5,51,2.499954,2.499954,4.999909,2.499954
5,51.6,2.499954,2.499954,4.999909,2.499954
5,52.2,2.499954,2.499954,4.999909,2.499954
5,52.8,2.499954,2.499954,4.999909,2.499954
5,53.4,2.499954,2.499954,4.999909,2.499954
5,54,2.499954,2.499954,4.999909,2.499954
5,54.6,2.499954,2.499954,4.999909,2.499954
5,55.2,2.499954,2.499954,4.999909,2.499954
5,55.8,2.499954,2.499954,4.999909,2.499954
5,56.4,2.499954,2.499954,4.999909,2.499954
5,57,2.499954,2.499954,4.999909,2.499954
5,57.6,2.499954,2.499954,4.999909,2.499954
5,58.2,2.499954,2.499954,4.999909,2.499954
5,58.8,2.499954,2.499954,4.999909,2.499954
5,59.4,2.499954,2.499954,4.999909,2.499954
5,60,2.499954,2.499954,4.999909,2.499954
6,0,10,0,0,10
6,0.6,6.505896,3.494104,6.988208,6.505896
6,1.2,5.453003,4.546997,9.093994,5.453003
6,1.8,5.135563,4.864437,9.728873,5.135563
6,2.4,5.040634,4.959366,9.918732,5.040634
6,3,5.012173,4.987827,9.975655,5.012173
6,3.6,5.003547,4.996453,9.992906,5.003547
6,4.2,5.000996,4.999004,9.998009,5.000996
6,4.8,5.00028,4.99972,9.999439,5.00028
6,5.4,4.999917,5.000083,10.00017,4.999917
6,6,4.99969,5.00031,10.00062,4.99969
6,6.6,4.999718,5.000282,10.00056,4.999718
6,7.2,4.999881,5.000119,10.00024,4.999881
6,7.8,4.999995,5.000005,10.00001,4.999995
6,8.4,5.000075,4.999925,9.99985,5.000075
6,9,5.000114,4.999886,9.999772,5.000114
6,9.6,5.000097,4.999903,9.999806,5.000097
6,10.2,0.8241043,4.175805,8.351609,0.8241043
6,10.8,1.99569,3.004219,6.008438,1.99569
6,11.4,2.348713,2.651196,5.302392,2.348713
6,12,2.454515,2.545394,5.090789,2.454515
6,12.6,2.486582,2.513326,5.026653,2.486582
6,13.2,2.495939,2.50397,5.007941,2.495939
6,13.8,2.498757,2.501152,5.002304,2.498757
6,14.4,2.499721,2.500188,5.000377,2.499721
6,15,2.50021,2.499699,4.999398,2.50021
6,15.6,2.50032,2.499588,4.999177,2.50032
6,16.2,2.500163,2.499746,4.999493,2.500163
6,16.8,2.499995,2.499913,4.999827,2.499995
6,17.4,2.499899,2.50001,5.000021,2.499899
6,18,2.499883,2.500026,5.000051,2.499883
6,18.6,2.499883,2.500026,5.000052,2.499883
6,19.2,2.499918,2.499991,4.999982,2.499918
6,19.8,2.499944,2.499964,4.999928,2.499944
6,20.4,2.499972,2.499937,4.999874,2.499972
6,21,2.499999,2.49991,4.999819,2.499999
6,21.6,2.500002,2.499907,4.999814,2.500002
6,22.2,2.499991,2.499918,4.999836,2.499991
6,22.8,2.499993,2.499916,4.999832,2.499993
6,23.4,2.499985,2.499924,4.999847,2.499985
6,24,2.499971,2.499938,4.999876,2.499971
6,24.6,2.499963,2.499946,4.999891,2.499963
6,25.2,2.499957,2.499951,4.999903,2.499957
6,25.8,2.499954,2.499954,4.999908,2.499954
6,26.4,2.499951,2.499958,4.999915,2.499951
6,27,2.49995,2.499959,4.999917,2.49995
6,27.6,2.499952,2.499957,4.999914,2.499952
6,28.2,2.499949,2.499959,4.999919,2.499949
6,28.8,2.499948,2.499961,4.999923,2.499948
6,29.4,2.499947,2.499962,4.999924,2.499947
6,30,2.499947,2.499962,4.999924,2.499947
6,30.6,2.499948,2.499961,4.999922,2.499948
6,31.2,2.499949,2.499959,4.999919,2.499949
6,31.8,2.499952,2.499957,4.999914,2.499952
6,32.4,2.499952,2.499957,4.999914,2.499952
6,33,2.499952,2.499957,4.999913,2.499952
6,33.6,2.499953,2.499956,4.999913,2.499953
6,34.2,2.499953,2.499956,4.999912,2.499953
6,34.8,2.499953,2.499956,4.999911,2.499953
6,35.4,2.499954,2.499955,4.99991,2.499954
6,36,2.499954,2.499955,4.999909,2.499954
6,36.6,2.499954,2.499955,4.999909,2.499954
6,37.2,2.499954,2.499955,4.999909,2.499954
6,37.8,2.499954,2.499954,4.999909,2.499954
6,38.4,2.499954,2.499954,4.999909,2.499954
6,39,2.499954,2.499954,4.999909,2.499954
6,39.6,2.499954,2.499954,4.999909,2.499954
6,40.2,2.499954,2.499954,4.999908,2.499954
6,40.8,2.499954,2.499954,4.999908,2.499954
6,41.4,2.499954,2.499954,4.999908,2.499954
6,42,2.499954,2.499954,4.999908,2.499954
6,42.6,2.499954,2.499954,4.999909,2.499954
6,43.2,2.499954,2.499954,4.999909,2.499954
6,43.8,2.499954,2.499954,4.999909,2.499954
6,44.4,2.499954,2.499954,4.999909,2.499954
6,45,2.499954,2.499954,4.999909,2.499954
6,45.6,2.499954,2.499954,4.999909,2.499954
6,46.2,2.499954,2.499954,4.999909,2.499954
6,46.8,2.499954,2.499954,4.999909,2.499954
6,47.4,2.499954,2.499954,4.999909,2.499954
6,48,2.499954,2.499954,4.999909,2.499954
6,48.6,2.499954,2.499954,4.999909,2.499954
6,49.2,2.499954,2.499954,4.999909,2.499954
6,49.8,2.499954,2.499954,4.999909,2.499954
6,50.4,2.499954,2.499954,4.999909,2.499954
6,51,2.499954,2.499954,4.999909,2.499954
6,51.6,2.499954,2.499954,4.999909,2.499954
6,52.2,2.499954,2.499954,4.999909,2.499954
6,52.8,2.499954,2.499954,4.999909,2.499954
6,53.4,2.499954,2.499954,4.999909,2.499954
6,54,2.499954,2.499954,4.999909,2.499954
6,54.6,2.499954,2.499954,4.999909,2.499954
6,55.2,2.499954,2.499954,4.999909,2.499954
6,55.8,2.499954,2.499954,4.999909,2.499954
6,56.4,2.499954,2.499954,4.999909,2.499954
6,57,2.499954,2.499954,4.999909,2.499954
6,57.6,2.499954,2.499954,4.999909,2.499954
6,58.2,2.499954,2.499954,4.999909,2.499954
6,58.8,2.499954,2.499954,4.999909,2.499954
6,59.4,2.499954,2.499954,4.999909,2.499954
6,60,2.499954,2.499954,4.999909,2.499954
7,0,10,0,0,10
7,0.6,6.505896,3.494104,6.988208,6.505896
7,1.2,5.453003,4.546997,9.093994,5.453003
7,1.8,5.135563,4.864437,9.728873,5.135563
7,2.4,5.040634,4.959366,9.918732,5.040634
7,3,5.012173,4.987827,9.975655,5.012173
7,3.6,5.003547,4.996453,9.992906,5.003547
7,4.2,5.000996,4.999004,9.998009,5.000996
7,4.8,5.00028,4.99972,9.999439,5.00028
7,5.4,4.999917,5.000083,10.00017,4.999917
7,6,4.99969,5.00031,10.00062,4.99969
7,6.6,4.999718,5.000282,10.00056,4.999718
7,7.2,4.999881,5.000119,10.00024,4.999881
7,7.8,4.999995,5.000005,10.00001,4.999995
7,8.4,5.000075,4.999925,9.99985,5.000075
7,9,5.000114,4.999886,9.999772,5.000114
7,9.6,5.000097,4.999903,9.999806,5.000097
7,10.2,0.8241043,4.175805,8.351609,0.8241043
7,10.8,1.99569,3.004219,6.008438,1.99569
7,11.4,2.348713,2.651196,5.302392,2.348713
7,12,2.454515,2.545394,5.090789,2.454515
7,12.6,2.486582,2.513326,5.026653,2.486582
7,13.2,2.495939,2.50397,5.007941,2.495939
7,13.8,2.498757,2.501152,5.002304,2.498757
7,14.4,2.499721,2.500188,5.000377,2.499721
7,15,2.50021,2.499699,4.999398,2.50021
7,15.6,2.50032,2.499588,4.999177,2.50032
7,16.2,2.500163,2.499746,4.999493,2.500163
7,16.8,2.499995,2.499913,4.999827,2.499995
7,17.4,2.499899,2.50001,5.000021,2.499899
7,18,2.499883,2.500026,5.000051,2.499883
7,18.6,2.499883,2.500026,5.000052,2.499883
7,19.2,2.499918,2.499991,4.999982,2.499918
7,19.8,2.499944,2.499964,4.999928,2.499944
7,20.4,2.499972,2.499937,4.999874,2.499972
7,21,2.499999,2.49991,4.999819,2.499999
7,21.6,2.500002,2.499907,4.999814,2.500002
7,22.2,2.499991,2.499918,4.999836,2.499991
7,22.8,2.499993,2.499916,4.999832,2.499993
7,23.4,2.499985,2.499924,4.999847,2.499985
7,24,2.499971,2.499938,4.999876,2.499971
7,24.6,2.499963,2.499946,4.999891,2.499963
7,25.2,2.499957,2.499951,4.999903,2.499957
7,25.8,2.499954,2.499954,4.999908,2.499954
7,26.4,2.499951,2.499958,4.999915,2.499951
7,27,2.49995,2.499959,4.999917,2.49995
7,27.6,2.499952,2.499957,4.999914,2.499952
7,28.2,2.499949,2.499959,4.999919,2.499949
7,28.8,2.499948,2.499961,4.999923,2.499948
7,29.4,2.499947,2.499962,4.999924,2.499947
7,30,2.499947,2.499962,4.999924,2.499947
7,30.6,2.499948,2.499961,4.999922,2.499948
7,31.2,2.499949,2.499959,4.999919,2.499949
7,31.8,2.499952,2.499957,4.999914,2.499952
7,32.4,2.499952,2.499957,4.999914,2.499952
7,33,2.499952,2.499957,4.999913,2.499952
7,33.6,2.499953,2.499956,4.999913,2.499953
7,34.2,2.499953,2.499956,4.999912,2.499953
7,34.8,2.499953,2.499956,4.999911,2.499953
7,35.4,2.499954,2.499955,4.99991,2.499954
7,36,2.499954,2.499955,4.999909,2.499954
7,36.6,2.499954,2.499955,4.999909,2.499954
7,37.2,2.499954,2.499955,4.999909,2.499954
7,37.8,2.499954,2.499954,4.999909,2.499954
7,38.4,2.499954,2.499954,4.999909,2.499954
7,39,2.499954,2.499954,4.999909,2.499954
7,39.6,2.499954,2.499954,4.999909,2.499954
7,40.2,2.499954,2.499954,4.999908,2.499954
7,40.8,2.499954,2.499954,4.999908,2.499954
7,41.4,2.499954,2.499954,4.999908,2.499954
7,42,2.499954,2.499954,4.999908,2.499954
7,42.6,2.499954,2.499954,4.999909,2.499954
7,43.2,2.499954,2.499954,4.999909,2.499954
7,43.8,2.499954,2.499954,4.999909,2.499954
7,44.4,2.499954,2.499954,4.999909,2.499954
7,45,2.499954,2.499954,4.999909,2.499954
7,45.6,2.499954,2.499954,4.999909,2.499954
7,46.2,2.499954,2.499954,4.999909,2.499954
7,46.8,2.499954,2.499954,4.999909,2.499954
7,47.4,2.499954,2.499954,4.999909,2.499954
7,48,2.499954,2.499954,4.999909,2.499954
7,48.6,2.499954,2.499954,4.999909,2.499954
7,49.2,2.499954,2.499954,4.999909,2.499954
7,49.8,2.499954,2.499954,4.999909,2.499954
7,50.4,2.499954,2.499954,4.999909,2.499954
7,51,2.499954,2.499954,4.999909,2.499954
7,51.6,2.499954,2.499954,4.999909,2.499954
7,52.2,2.499954,2.499954,4.999909,2.499954
7,52.8,2.499954,2.499954,4.999909,2.499954
7,53.4,2.499954,2.499954,4.999909,2.499954
7,54,2.499954,2.499954,4.999909,2.499954
7,54.6,2.499954,2.499954,4.999909,2.499954
7,55.2,2.499954,2.499954,4.999909,2.499954
7,55.8,2.499954,2.499954,4.999909,2.499954
7,56.4,2.499954,2.499954,4.999909,2.499954
7,57,2.499954,2.499954,4.999909,2.499954
7,57.6,2.499954,2.499954,4.999909,2.499954
7,58.2,2.499954,2.499954,4.999909,2.499954
7,58.8,2.499954,2.499954,4.999909,2.499954
7,59.4,2.499954,2.499954,4.999909,2.499954
7,60,2.499954,2.499954,4.999909,2.499954
8,0,10,0,0,10
8,0.6,6.505896,3.494104,6.988208,6.505896
8,1.2,5.453003,4.546997,9.093994,5.453003
8,1.8,5.135563,4.864437,9.728873,5.135563
8,2.4,5.040634,4.959366,9.918732,5.040634
8,3,5.012173,4.987827,9.975655,5.012173
8,3.6,5.003547,4.996453,9.992906,5.003547
8,4.2,5.000996,4.999004,9.998009,5.000996
8,4.8,5.00028,4.99972,9.999439,5.00028
8,5.4,4.999917,5.000083,10.00017,4.999917
8,6,4.99969,5.00031,10.00062,4.99969
8,6.6,4.999718,5.000282,10.00056,4.999718
8,7.2,4.999881,5.000119,10.00024,4.999881
8,7.8,4.999995,5.000005,10.00001,4.999995
8,8.4,5.000075,4.999925,9.99985,5.000075
8,9,5.000114,4.999886,9.999772,5.000114
8,9.6,5.000097,4.999903,9.999806,5.000097
8,10.2,0.8241043,4.175805,8.351609,0.8241043
8,10.8,1.99569,3.004219,6.008438,1.99569
8,11.4,2.348713,2.651196,5.302392,2.348713
8,12,2.454515,2.545394,5.090789,2.454515
8,12.6,2.486582,2.513326,5.026653,2.486582
8,13.2,2.495939,2.50397,5.007941,2.495939
8,13.8,2.498757,2.501152,5.002304,2.498757
8,14.4,2.499721,2.500188,5.000377,2.499721
8,15,2.50021,2.499699,4.999398,2.50021
8,15.6,2.50032,2.499588,4.999177,2.50032
8,16.2,2.500163,2.499746,4.999493,2.500163
8,16.8,2.499995,2.499913,4.999827,2.499995
8,17.4,2.499899,2.50001,5.000021,2.499899
8,18,2.499883,2.500026,5.000051,2.499883
8,18.6,2.499883,2.500026,5.000052,2.499883
8,19.2,2.499918,2.499991,4.999982,2.499918
8,19.8,2.499944,2.499964,4.999928,2.499944
8,20.4,2.499972,2.499937,4.999874,2.499972
8,21,2.499999,2.49991,4.999819,2.499999
8,21.6,2.500002,2.499907,4.999814,2.500002
8,22.2,2.499991,2.499918,4.999836,2.499991
8,22.8,2.499993,2.499916,4.999832,2.499993
8,23.4,2.499985,2.499924,4.999847,2.499985
8,24,2.499971,2.499938,4.999876,2.499971
8,24.6,2.499963,2.499946,4.999891,2.499963
8,25.2,2.499957,2.499951,4.999903,2.499957
8,25.8,2.499954,2.499954,4.999908,2.499954
8,26.4,2.499951,2.499958,4.999915,2.499951
8,27,2.49995,2.499959,4.999917,2.49995
8,27.6,2.499952,2.499957,4.999914,2.499952
8,28.2,2.499949,2.499959,4.999919,2.499949
8,28.8,2.499948,2.499961,4.999923,2.499948
8,29.4,2.499947,2.499962,4.999924,2.499947
8,30,2.499947,2.499962,4.999924,2.499947
8,30.6,2.499948,2.499961,4.999922,2.499948
8,31.2,2.499949,2.499959,4.999919,2.499949
8,31.8,2.499952,2.499957,4.999914,2.499952
8,32.4,2.499952,2.499957,4.999914,2.499952
8,33,2.499952,2.499957,4.999913,2.499952
8,33.6,2.499953,2.499956,4.999913,2.499953
8,34.2,2.499953,2.499956,4.999912,2.499953
8,34.8,2.499953,2.499956,4.999911,2.499953
8,35.4,2.499954,2.499955,4.99991,2.499954
8,36,2.499954,2.499955,4.999909,2.499954
8,36.6,2.499954,2.499955,4.999909,2.499954
8,37.2,2.499954,2.499955,4.999909,2.499954
8,37.8,2.499954,2.499954,4.999909,2.499954
8,38.4,2.499954,2.499954,4.999909,2.499954
8,39,2.499954,2.499954,4.999909,2.499954
8,39.6,2.499954,2.499954,4.999909,2.499954
8,40.2,2.499954,2.499954,4.999908,2.499954
8,40.8,2.499954,2.499954,4.999908,2.499954
8,41.4,2.499954,2.499954,4.999908,2.499954
8,42,2.499954,2.499954,4.999908,2.499954
8,42.6,2.499954,2.499954,4.999909,2.499954
8,43.2,2.499954,2.499954,4.999909,2.499954
8,43.8,2.499954,2.499954,4.999909,2.499954
8,44.4,2.499954,2.499954,4.999909,2.499954
8,45,2.499954,2.499954,4.999909,2.499954
8,45.6,2.499954,2.499954,4.999909,2.499954
8,46.2,2.499954,2.499954,4.999909,2.499954
8,46.8,2.499954,2.499954,4.999909,2.499954
8,47.4,2.499954,2.499954,4.999909,2.499954
8,48,2.499954,2.499954,4.999909,2.499954
8,48.6,2.499954,2.499954,4.999909,2.499954
8,49.2,2.499954,2.499954,4.999909,2.499954
8,49.8,2.499954,2.499954,4.999909,2.499954
8,50.4,2.499954,2.499954,4.999909,2.499954
8,51,2.499954,2.499954,4.999909,2.499954
8,51.6,2.499954,2.499954,4.999909,2.499954
8,52.2,2.499954,2.499954,4.999909,2.499954
8,52.8,2.499954,2.499954,4.999909,2.499954
8,53.4,2.499954,2.499954,4.999909,2.499954
8,54,2.499954,2.499954,4.999909,2.499954
8,54.6,2.499954,2.499954,4.999909,2.499954
8,55.2,2.499954,2.499954,4.999909,2.499954
8,55.8,2.499954,2.499954,4.999909,2.499954
8,56.4,2.499954,2.499954,4.999909,2.499954
8,57,2.499954,2.499954,4.999909,2.499954
8,57.6,2.499954,2.499954,4.999909,2.499954
8,58.2,2.499954,2.499954,4.999909,2.499954
8,58.8,2.499954,2.499954,4.999909,2.499954
8,59.4,2.499954,2.499954,4.999909,2.499954
8,60,2.499954,2.499954,4.999909,2.499954
9,0,10,0,0,10
9,0.6,6.505896,3.494104,6.988208,6.505896
9,1.2,5.453003,4.546997,9.093994,5.453003
9,1.8,5.135563,4.864437,9.728873,5.135563
9,2.4,5.040634,4.959366,9.918732,5.040634
9,3,5.012173,4.987827,9.975655,5.012173
9,3.6,5.003547,4.996453,9.992906,5.003547
9,4.2,5.000996,4.999004,9.998009,5.000996
9,4.8,5.00028,4.99972,9.999439,5.00028
9,5.4,4.999917,5.000083,10.00017,4.999917
9,6,4.99969,5.00031,10.00062,4.99969
9,6.6,4.999718,5.000282,10.00056,4.999718
9,7.2,4.999881,5.000119,10.00024,4.999881
9,7.8,4.999995,5.000005,10.00001,4.999995
9,8.4,5.000075,4.999925,9.99985,5.000075
9,9,5.000114,4.999886,9.999772,5.000114
9,9.6,5.000097,4.999903,9.999806,5.000097
9,10.2,0.8241043,4.175805,8.351609,0.8241043
9,10.8,1.99569,3.004219,6.008438,1.99569
9,11.4,2.348713,2.651196,5.302392,2.348713
9,12,2.454515,2.545394,5.090789,2.454515
9,12.6,2.486582,2.513326,5.026653,2.486582
9,13.2,2.495939,2.50397,5.007941,2.495939
9,13.8,2.498757,2.501152,5.002304,2.498757
9,14.4,2.499721,2.500188,5.000377,2.499721
9,15,2.50021,2.499699,4.999398,2.50021
9,15.6,2.50032,2.499588,4.999177,2.50032
9,16.2,2.500163,2.499746,4.999493,2.500163
9,16.8,2.499995,2.499913,4.999827,2.499995
9,17.4,2.499899,2.50001,5.000021,2.499899
9,18,2.499883,2.500026,5.000051,2.499883
9,18.6,2.499883,2.500026,5.000052,2.499883
9,19.2,2.499918,2.499991,4.999982,2.499918
9,19.8,2.499944,2.499964,4.999928,2.499944
9,20.4,2.499972,2.499937,4.999874,2.499972
9,21,2.499999,2.49991,4.999819,2.499999
9,21.6,2.500002,2.499907,4.999814,2.500002
9,22.2,2.499991,2.499918,4.999836,2.499991
9,22.8,2.499993,2.499916,4.999832,2.499993
9,23.4,2.499985,2.499924,4.999847,2.499985
9,24,2.499971,2.499938,4.999876,2.499971
9,24.6,2.499963,2.499946,4.999891,2.499963
9,25.2,2.499957,2.499951,4.999903,2.499957
9,25.8,2.499954,2.499954,4.999908,2.499954
9,26.4,2.499951,2.499958,4.999915,2.499951
9,27,2.49995,2.499959,4.999917,2.49995
9,27.6,2.499952,2.499957,4.999914,2.499952
9,28.2,2.499949,2.499959,4.999919,2.499949
9,28.8,2.499948,2.499961,4.999923,2.499948
9,29.4,2.499947,2.499962,4.999924,2.499947
9,30,2.499947,2.499962,4.999924,2.499947
9,30.6,2.499948,2.499961,4.999922,2.499948
9,31.2,2.499949,2.499959,4.999919,2.499949
9,31.8,2.499952,2.499957,4.999914,2.499952
9,32.4,2.499952,2.499957,4.999914,2.499952
9,33,2.499952,2.499957,4.999913,2.499952
9,33.6,2.499953,2.499956,4.999913,2.499953
9,34.2,2.499953,2.499956,4.999912,2.499953
9,34.8,2.499953,2.499956,4.999911,2.499953
9,35.4,2.499954,2.499955,4.99991,2.499954
9,36,2.499954,2.499955,4.999909,2.499954
9,36.6,2.499954,2.499955,4.999909,2.499954
9,37.2,2.499954,2.499955,4.999909,2.499954
9,37.8,2.499954,2.499954,4.999909,2.499954
9,38.4,2.499954,2.499954,4.999909,2.499954
9,39,2.499954,2.499954,4.999909,2.499954
9,39.6,2.499954,2.499954,4.999909,2.499954
9,40.2,2.499954,2.499954,4.999908,2.499954
9,40.8,2.499954,2.499954,4.999908,2.499954
9,41.4,2.499954,2.499954,4.999908,2.499954
9,42,2.499954,2.499954,4.999908,2.499954
9,42.6,2.499954,2.499954,4.999909,2.499954
9,43.2,2.499954,2.499954,4.999909,2.499954
9,43.8,2.499954,2.499954,4.999909,2.499954
9,44.4,2.499954,2.499954,4.999909,2.499954
9,45,2.499954,2.499954,4.999909,2.499954
9,45.6,2.499954,2.499954,4.999909,2.499954
9,46.2,2.499954,2.499954,4.999909,2.499954
9,46.8,2.499954,2.499954,4.999909,2.499954
9,47.4,2.499954,2.499954,4.999909,2.499954
9,48,2.499954,2.499954,4.999909,2.499954
9,48.6,2.499954,2.499954,4.999909,2.499954
9,49.2,2.499954,2.499954,4.999909,2.499954
9,49.8,2.499954,2.499954,4.999909,2.499954
9,50.4,2.499954,2.499954,4.999909,2.499954
9,51,2.499954,2.499954,4.999909,2.499954
9,51.6,2.499954,2.499954,4.999909,2.499954
9,52.2,2.499954,2.499954,4.999909,2.499954
9,52.8,2.499954,2.499954,4.999909,2.499954
9,53.4,2.499954,2.499954,4.999909,2.499954
9,54,2.499954,2.499954,4.999909,2.499954
9,54.6,2.499954,2.499954,4.999909,2.499954
9,55.2,2.499954,2.499954,4.999909,2.499954
9,55.8,2.499954,2.499954,4.999909,2.499954
9,56.4,2.499954,2.499954,4.999909,2.499954
9,57,2.499954,2.499954,4.999909,2.499954
9,57.6,2.499954,2.499954,4.999909,2.499954
9,58.2,2.499954,2.499954,4.999909,2.499954
9,58.8,2.499954,2.499954,4.999909,2.499954
9,59.4,2.499954,2.499954,4.999909,2.499954
9,60,2.499954,2.499954,4.999909,2.499954
10,0,10,0,0,10
10,0.6,6.505896,3.494104,6.988208,6.505896
10,1.2,5.453003,4.546997,9.093994,5.453003
10,1.8,5.135563,4.864437,9.728873,5.135563
10,2.4,5.040634,4.959366,9.918732,5.040634
10,3,5.012173,4.987827,9.975655,5.012173
10,3.6,5.003547,4.996453,9.992906,5.003547
10,4.2,5.000996,4.999004,9.998009,5.000996
10,4.8,5.00028,4.99972,9.999439,5.00028
10,5.4,4.999917,5.000083,10.00017,4.999917
10,6,4.99969,5.00031,10.00062,4.99969
10,6.6,4.999718,5.000282,10.00056,4.999718
10,7.2,4.999881,5.000119,10.00024,4.999881
10,7.8,4.999995,5.000005,10.00001,4.999995
10,8.4,5.000075,4.999925,9.99985,5.000075
10,9,5.000114,4.999886,9.999772,5.000114
10,9.6,5.000097,4.999903,9.999806,5.000097
10,10.2,0.8241043,4.175805,8.351609,0.8241043
10,10.8,1.99569,3.004219,6.008438,1.99569
10,11.4,2.348713,2.651196,5.302392,2.348713
10,12,2.454515,2.545394,5.090789,2.454515
10,12.6,2.486582,2.513326,5.026653,2.486582
10,13.2,2.495939,2.50397,5.007941,2.495939
10,13.8,2.498757,2.501152,5.002304,2.498757
10,14.4,2.499721,2.500188,5.000377,2.499721
10,15,2.50021,2.499699,4.999398,2.50021
10,15.6,2.50032,2.499588,4.999177,2.50032
10,16.2,2.500163,2.499746,4.999493,2.500163
10,16.8,2.499995,2.499913,4.999827,2.499995
10,17.4,2.499899,2.50001,5.000021,2.499899
10,18,2.499883,2.500026,5.000051,2.499883
10,18.6,2.499883,2.500026,5.000052,2.499883
10,19.2,2.499918,2.499991,4.999982,2.499918
10,19.8,2.499944,2.499964,4.999928,2.499944
10,20.4,2.499972,2.499937,4.999874,2.499972
10,21,2.499999,2.49991,4.999819,2.499999
10,21.6,2.500002,2.499907,4.999814,2.500002
10,22.2,2.499991,2.499918,4.999836,2.499991
10,22.8,2.499993,2.499916,4.999832,2.499993
10,23.4,2.499985,2.499924,4.999847,2.499985
10,24,2.499971,2.499938,4.999876,2.499971
10,24.6,2.499963,2.499946,4.999891,2.499963
10,25.2,2.499957,2.499951,4.999903,2.499957
10,25.8,2.499954,2.499954,4.999908,2.499954
10,26.4,2.499951,2.499958,4.999915,2.499951
10,27,2.49995,2.499959,4.999917,2.49995
10,27.6,2.499952,2.499957,4.999914,2.499952
10,28.2,2.499949,2.499959,4.999919,2.499949
10,28.8,2.499948,2.499961,4.999923,2.499948
10,29.4,2.499947,2.499962,4.999924,2.499947
10,30,2.499947,2.499962,4.999924,2.499947
10,30.6,2.499948,2.499961,4.999922,2.499948
10,31.2,2.499949,2.499959,4.999919,2.499949
10,31.8,2.499952,2.499957,4.999914,2.499952
10,32.4,2.499952,2.499957,4.999914,2.499952
10,33,2.499952,2.499957,4.999913,2.499952
10,33.6,2.499953,2.499956,4.999913,2.499953
10,34.2,2.499953,2.499956,4.999912,2.499953
10,34.8,2.499953,2.499956,4.999911,2.499953
10,35.4,2.499954,2.499955,4.99991,2.499954
10,36,2.499954,2.499955,4.999909,2.499954
10,36.6,2.499954,2.499955,4.999909,2.499954
10,37.2,2.499954,2.499955,4.999909,2.499954
10,37.8,2.499954,2.499954,4.999909,2.499954
10,38.4,2.499954,2.499954,4.999909,2.499954
10,39,2.499954,2.499954,4.999909,2.499954
10,39.6,2.499954,2.499954,4.999909,2.499954
10,40.2,2.499954,2.499954,4.999908,2.499954
10,40.8,2.499954,2.499954,4.999908,2.499954
10,41.4,2.499954,2.499954,4.999908,2.499954
10,42,2.499954,2.499954,4.999908,2.499954
10,42.6,2.499954,2.499954,4.999909,2.499954
10,43.2,2.499954,2.499954,4.999909,2.499954
10,43.8,2.499954,2.499954,4.999909,2.499954
10,44.4,2.499954,2.499954,4.999909,2.499954
10,45,2.499954,2.499954,4.999909,2.499954
10,45.6,2.499954,2.499954,4.999909,2.499954
10,46.2,2.499954,2.499954,4.999909,2.499954
10,46.8,2.499954,2.499954,4.999909,2.499954
10,47.4,2.499954,2.499954,4.999909,2.499954
10,48,2.499954,2.499954,4.999909,2.499954
10,48.6,2.499954,2.499954,4.999909,2.499954
10,49.2,2.499954,2.499954,4.999909,2.499954
10,49.8,2.499954,2.499954,4.999909,2.499954
10,50.4,2.499954,2.499954,4.999909,2.499954
10,51,2.499954,2.499954,4.999909,2.499954
10,51.6,2.499954,2.499954,4.999909,2.499954
10,52.2,2.499954,2.499954,4.999909,2.499954
10,52.8,2.499954,2.499954,4.999909,2.499954
10,53.4,2.499954,2.499954,4.999909,2.499954
10,54,2.499954,2.499954,4.999909,2.499954
10,54.6,2.499954,2.499954,4.999909,2.499954
10,55.2,2.499954,2.499954,4.999909,2.499954
10,55.8,2.499954,2.499954,4.999909,2.499954
10,56.4,2.499954,2.499954,4.999909,2.499954
10,57,2.499954,2.499954,4.999909,2.499954
10,57.6,2.499954,2.499954,4.999909,2.499954
10,58.2,2.499954,2.499954,4.999909,2.499954
10,58.8,2.499954,2.499954,4.999909,2.499954
10,59.4,2.499954,2.499954,4.999909,2.499954
10,60,2.499954,2.499954,4.999909,2.499954
11,0,10,0,0,10
11,0.6,6.505896,3.494104,6.988208,6.505896
11,1.2,5.453003,4.546997,9.093994,5.453003
11,1.8,5.135563,4.864437,9.728873,5.135563
11,2.4,5.040634,4.959366,9.918732,5.040634
11,3,5.012173,4.987827,9.975655,5.012173
11,3.6,5.003547,4.996453,9.992906,5.003547
11,4.2,5.000996,4.999004,9.998009,5.000996
11,4.8,5.00028,4.99972,9.999439,5.00028
11,5.4,4.999917,5.000083,10.00017,4.999917
11,6,4.99969,5.00031,10.00062,4.99969
11,6.6,4.999718,5.000282,10.00056,4.999718
11,7.2,4.999881,5.000119,10.00024,4.999881
11,7.8,4.999995,5.000005,10.00001,4.999995
11,8.4,5.000075,4.999925,9.99985,5.000075
11,9,5.000114,4.999886,9.999772,5.000114
11,9.6,5.000097,4.999903,9.999806,5.000097
11,10.2,0.8241043,4.175805,8.351609,0.8241043
11,10.8,1.99569,3.004219,6.008438,1.99569
11,11.4,2.348713,2.651196,5.302392,2.348713
11,12,2.454515,2.545394,5.090789,2.454515
11,12.6,2.486582,2.513326,5.026653,2.486582
11,13.2,2.495939,2.50397,5.007941,2.495939
11,13.8,2.498757,2.501152,5.002304,2.498757
11,14.4,2.499721,2.500188,5.000377,2.499721
11,15,2.50021,2.499699,4.999398,2.50021
11,15.6,2.50032,2.499588,4.999177,2.50032
11,16.2,2.500163,2.499746,4.999493,2.500163
11,16.8,2.499995,2.499913,4.999827,2.499995
11,17.4,2.499899,2.50001,5.000021,2.499899
11,18,2.499883,2.500026,5.000051,2.499883
11,18.6,2.499883,2.500026,5.000052,2.499883
11,19.2,2.499918,2.499991,4.999982,2.499918
11,19.8,2.499944,2.499964,4.999928,2.499944
11,20.4,2.499972,2.499937,4.999874,2.499972
11,21,2.499999,2.49991,4.999819,2.499999
11,21.6,2.500002,2.499907,4.999814,2.500002
11,22.2,2.499991,2.499918,4.999836,2.499991
11,22.8,2.499993,2.499916,4.999832,2.499993
11,23.4,2.499985,2.499924,4.999847,2.499985
11,24,2.499971,2.499938,4.999876,2.499971
11,24.6,2.499963,2.499946,4.999891,2.499963
11,25.2,2.499957,2.499951,4.999903,2.499957
11,25.8,2.499954,2.499954,4.999908,2.499954
11,26.4,2.499951,2.499958,4.999915,2.499951
11,27,2.49995,2.499959,4.999917,2.49995
11,27.6,2.499952,2.499957,4.999914,2.499952
11,28.2,2.499949,2.499959,4.999919,2.499949
11,28.8,2.499948,2.499961,4.999923,2.499948
11,29.4,2.499947,2.499962,4.999924,2.499947
11,30,2.499947,2.499962,4.999924,2.499947
11,30.6,2.499948,2.499961,4.999922,2.499948
11,31.2,2.499949,2.499959,4.999919,2.499949
11,31.8,2.499952,2.499957,4.999914,2.499952
11,32.4,2.499952,2.499957,4.999914,2.499952
11,33,2.499952,2.499957,4.999913,2.499952
11,33.6,2.499953,2.499956,4.999913,2.499953
11,34.2,2.499953,2.499956,4.999912,2.499953
11,34.8,2.499953,2.499956,4.999911,2.499953
11,35.4,2.499954,2.499955,4.99991,2.499954
11,36,2.499954,2.499955,4.999909,2.499954
11,36.6,2.499954,2.499955,4.999909,2.499954
11,37.2,2.499954,2.499955,4.999909,2.499954
11,37.8,2.499954,2.499954,4.999909,2.499954
11,38.4,2.499954,2.499954,4.999909,2.499954
11,39,2.499954,2.499954,4.999909,2.499954
11,39.6,2.499954,2.499954,4.999909,2.499954
11,40.2,2.499954,2.499954,4.999908,2.499954
11,40.8,2.499954,2.499954,4.999908,2.499954
11,41.4,2.499954,2.499954,4.999908,2.499954
11,42,2.499954,2.499954,4.999908,2.499954
11,42.6,2.499954,2.499954,4.999909,2.499954
11,43.2,2.499954,2.499954,4.999909,2.499954
11,43.8,2.499954,2.499954,4.999909,2.499954
11,44.4,2.499954,2.499954,4.999909,2.499954
11,45,2.499954,2.499954,4.999909,2.499954
11,45.6,2.499954,2.499954,4.999909,2.499954
11,46.2,2.499954,2.499954,4.999909,2.499954
11,46.8,2.499954,2.499954,4.999909,2.499954
11,47.4,2.499954,2.499954,4.999909,2.499954
11,48,2.499954,2.499954,4.999909,2.499954
11,48.6,2.499954,2.499954,4.999909,2.499954
11,49.2,2.499954,2.499954,4.999909,2.499954
11,49.8,2.499954,2.499954,4.999909,2.499954
11,50.4,2.499954,2.499954,4.999909,2.499954
11,51,2.499954,2.499954,4.999909,2.499954
11,51.6,2.499954,2.499954,4.999909,2.499954
11,52.2,2.499954,2.499954,4.999909,2.499954
11,52.8,2.499954,2.499954,4.999909,2.499954
11,53.4,2.499954,2.499954,4.999909,2.499954
11,54,2.499954,2.499954,4.999909,2.499954
11,54.6,2.499954,2.499954,4.999909,2.499954
11,55.2,2.499954,2.499954,4.999909,2.499954
11,55.8,2.499954,2.499954,4.999909,2.499954
11,56.4,2.499954,2.499954,4.999909,2.499954
11,57,2.499954,2.499954,4.999909,2.499954
11,57.6,2.499954,2.499954,4.999909,2.499954
11,58.2,2.499954,2.499954,4.999909,2.499954
11,58.8,2.499954,2.499954,4.999909,2.499954
11,59.4,2.499954,2.499954,4.999909,2.499954
11,60,2.499954,2.499954,4.999909,2.499954
12,0,10,0,0,10
12,0.6,6.505896,3.494104,6.988208,6.505896
12,1.2,5.453003,4.546997,9.093994,5.453003
12,1.8,5.135563,4.864437,9.728873,5.135563
12,2.4,5.040634,4.959366,9.918732,5.040634
12,3,5.012173,4.987827,9.975655,5.012173
12,3.6,5.003547,4.996453,9.992906,5.003547
12,4.2,5.000996,4.999004,9.998009,5.000996
12,4.8,5.00028,4.99972,9.999439,5.00028
12,5.4,4.999917,5.000083,10.00017,4.999917
12,6,4.99969,5.00031,10.00062,4.99969
12,6.6,4.999718,5.000282,10.00056,4.999718
12,7.2,4.999881,5.000119,10.00024,4.999881
12,7.8,4.999995,5.000005,10.00001,4.999995
12,8.4,5.000075,4.999925,9.99985,5.000075
12,9,5.000114,4.999886,9.999772,5.000114
12,9.6,5.000097,4.999903,9.999806,5.000097
12,10.2,0.8241043,4.175805,8.351609,0.8241043
12,10.8,1.99569,3.004219,6.008438,1.99569
12,11.4,2.348713,2.651196,5.302392,2.348713
12,12,2.454515,2.545394,5.090789,2.454515
12,12.6,2.486582,2.513326,5.026653,2.486582
12,13.2,2.495939,2.50397,5.007941,2.495939
12,13.8,2.498757,2.501152,5.002304,2.498757
12,14.4,2.499721,2.500188,5.000377,2.499721
12,15,2.50021,2.499699,4.999398,2.50021
12,15.6,2.50032,2.499588,4.999177,2.50032
12,16.2,2.500163,2.499746,4.999493,2.500163
12,16.8,2.499995,2.499913,4.999827,2.499995
12,17.4,2.499899,2.50001,5.000021,2.499899
12,18,2.499883,2.500026,5.000051,2.499883
12,18.6,2.499883,2.500026,5.000052,2.499883
12,19.2,2.499918,2.499991,4.999982,2.499918
12,19.8,2.499944,2.499964,4.999928,2.499944
12,20.4,2.499972,2.499937,4.999874,2.499972
12,21,2.499999,2.49991,4.999819,2.499999
12,21.6,2.500002,2.499907,4.999814,2.500002
12,22.2,2.499991,2.499918,4.999836,2.499991
12,22.8,2.499993,2.499916,4.999832,2.499993
12,23.4,2.499985,2.499924,4.999847,2.499985
12,24,2.499971,2.499938,4.999876,2.499971
12,24.6,2.499963,2.499946,4.999891,2.499963
12,25.2,2.499957,2.499951,4.999903,2.499957
12,25.8,2.499954,2.499954,4.999908,2.499954
12,26.4,2.499951,2.499958,4.999915,2.499951
12,27,2.49995,2.499959,4.999917,2.49995
12,27.6,2.499952,2.499957,4.999914,2.499952
12,28.2,2.499949,2.499959,4.999919,2.499949
12,28.8,2.499948,2.499961,4.999923,2.499948
12,29.4,2.499947,2.499962,4.999924,2.499947
12,30,2.499947,2.499962,4.999924,2.499947
12,30.6,2.499948,2.499961,4.999922,2.499948
12,31.2,2.499949,2.499959,4.999919,2.499949
12,31.8,2.499952,2.499957,4.999914,2.499952
12,32.4,2.499952,2.499957,4.999914,2.499952
12,33,2.499952,2.499957,4.999913,2.499952
12,33.6,2.499953,2.499956,4.999913,2.499953
12,34.2,2.499953,2.499956,4.999912,2.499953
12,34.8,2.499953,2.499956,4.999911,2.499953
12,35.4,2.499954,2.499955,4.99991,2.499954
12,36,2.499954,2.499955,4.999909,2.499954
12,36.6,2.499954,2.499955,4.999909,2.499954
12,37.2,2.499954,2.499955,4.999909,2.499954
12,37.8,2.499954,2.499954,4.999909,2.499954
12,38.4,2.499954,2.499954,4.999909,2.499954
12,39,2.499954,2.499954,4.999909,2.499954
12,39.6,2.499954,2.499954,4.999909,2.499954
12,40.2,2.499954,2.499954,4.999908,2.499954
12,40.8,2.499954,2.499954,4.999908,2.499954
12,41.4,2.499954,2.499954,4.999908,2.499954
12,42,2.499954,2.499954,4.999908,2.499954
12,42.6,2.499954,2.499954,4.999909,2.499954
12,43.2,2.499954,2.499954,4.999909,2.499954
12,43.8,2.499954,2.499954,4.999909,2.499954
12,44.4,2.499954,2.499954,4.999909,2.499954
12,45,2.499954,2.499954,4.999909,2.499954
12,45.6,2.499954,2.499954,4.999909,2.499954
12,46.2,2.499954,2.499954,4.999909,2.499954
12,46.8,2.499954,2.499954,4.999909,2.499954
12,47.4,2.499954,2.499954,4.999909,2.499954
12,48,2.499954,2.499954,4.999909,2.499954
12,48.6,2.499954,2.499954,4.999909,2.499954
12,49.2,2.499954,2.499954,4.999909,2.499954
12,49.8,2.499954,2.499954,4.999909,2.499954
12,50.4,2.499954,2.499954,4.999909,2.499954
12,51,2.499954,2.499954,4.999909,2.499954
12,51.6,2.499954,2.499954,4.999909,2.499954
12,52.2,2.499954,2.499954,4.999909,2.499954
12,52.8,2.499954,2.499954,4.999909,2.499954
12,53.4,2.499954,2.499954,4.999909,2.499954
12,54,2.499954,2.499954,4.999909,2.499954
12,54.6,2.499954,2.499954,4.999909,2.499954
12,55.2,2.499954,2.499954,4.999909,2.499954
12,55.8,2.499954,2.499954,4.999909,2.499954
12,56.4,2.499954,2.499954,4.999909,2.499954
12,57,2.499954,2.499954,4.999909,2.499954
12,57.6,2.499954,2.499954,4.999909,2.499954
12,58.2,2.499954,2.499954,4.999909,2.499954
12,58.8,2.499954,2.499954,4.999909,2.499954
12,59.4,2.499954,2.499954,4.999909,2.499954
12,60,2.499954,2.499954,4.999909,2.499954
13,0,10,0,0,10
13,0.6,6.505896,3.494104,6.988208,6.505896
13,1.2,5.453003,4.546997,9.093994,5.453003
13,1.8,5.135563,4.864437,9.728873,5.135563
13,2.4,5.040634,4.959366,9.918732,5.040634
13,3,5.012173,4.987827,9.975655,5.012173
13,3.6,5.003547,4.996453,9.992906,5.003547
13,4.2,5.000996,4.999004,9.998009,5.000996
13,4.8,5.00028,4.99972,9.999439,5.00028
13,5.4,4.999917,5.000083,10.00017,4.999917
13,6,4.99969,5.00031,10.00062,4.99969
13,6.6,4.999718,5.000282,10.00056,4.999718
13,7.2,4.999881,5.000119,10.00024,4.999881
13,7.8,4.999995,5.000005,10.00001,4.999995
13,8.4,5.000075,4.999925,9.99985,5.000075
13,9,5.000114,4.999886,9.999772,5.000114
13,9.6,5.000097,4.999903,9.999806,5.000097
13,10.2,0.8241043,4.175805,8.351609,0.8241043
13,10.8,1.99569,3.004219,6.008438,1.99569
13,11.4,2.348713,2.651196,5.302392,2.348713
13,12,2.454515,2.545394,5.090789,2.454515
13,12.6,2.486582,2.513326,5.026653,2.486582
13,13.2,2.495939,2.50397,5.007941,2.495939
13,13.8,2.498757,2.501152,5.002304,2.498757
13,14.4,2.499721,2.500188,5.000377,2.499721
13,15,2.50021,2.499699,4.999398,2.50021
13,15.6,2.50032,2.499588,4.999177,2.50032
13,16.2,2.500163,2.499746,4.999493,2.500163
13,16.8,2.499995,2.499913,4.999827,2.499995
13,17.4,2.499899,2.50001,5.000021,2.499899
13,18,2.499883,2.500026,5.000051,2.499883
13,18.6,2.499883,2.500026,5.000052,2.499883
13,19.2,2.499918,2.499991,4.999982,2.499918
13,19.8,2.499944,2.499964,4.999928,2.499944
13,20.4,2.499972,2.499937,4.999874,2.499972
13,21,2.499999,2.49991,4.999819,2.499999
13,21.6,2.500002,2.499907,4.999814,2.500002
13,22.2,2.499991,2.499918,4.999836,2.499991
13,22.8,2.499993,2.499916,4.999832,2.499993
13,23.4,2.499985,2.499924,4.999847,2.499985
13,24,2.499971,2.499938,4.999876,2.499971
13,24.6,2.499963,2.499946,4.999891,2.499963
13,25.2,2.499957,2.499951,4.999903,2.499957
13,25.8,2.499954,2.499954,4.999908,2.499954
13,26.4,2.499951,2.499958,4.999915,2.499951
13,27,2.49995,2.499959,4.999917,2.49995
13,27.6,2.499952,2.499957,4.999914,2.499952
13,28.2,2.499949,2.499959,4.999919,2.499949
13,28.8,2.499948,2.499961,4.999923,2.499948
13,29.4,2.499947,2.499962,4.999924,2.499947
13,30,2.499947,2.499962,4.999924,2.499947
13,30.6,2.499948,2.499961,4.999922,2.499948
13,31.2,2.499949,2.499959,4.999919,2.499949
13,31.8,2.499952,2.499957,4.999914,2.499952
13,32.4,2.499952,2.499957,4.999914,2.499952
13,33,2.499952,2.499957,4.999913,2.499952
13,33.6,2.499953,2.499956,4.999913,2.499953
13,34.2,2.499953,2.499956,4.999912,2.499953
13,34.8,2.499953,2.499956,4.999911,2.499953
13,35.4,2.499954,2.499955,4.99991,2.499954
13,36,2.499954,2.499955,4.999909,2.499954
13,36.6,2.499954,2.499955,4.999909,2.499954
13,37.2,2.499954,2.499955,4.999909,2.499954
13,37.8,2.499954,2.499954,4.999909,2.499954
13,38.4,2.499954,2.499954,4.999909,2.499954
13,39,2.499954,2.499954,4.999909,2.499954
13,39.6,2.499954,2.499954,4.999909,2.499954
13,40.2,2.499954,2.499954,4.999908,2.499954
13,40.8,2.499954,2.499954,4.999908,2.499954
13,41.4,2.499954,2.499954,4.999908,2.499954
13,42,2.499954,2.499954,4.999908,2.499954
13,42.6,2.499954,2.499954,4.999909,2.499954
13,43.2,2.499954,2.499954,4.999909,2.499954
13,43.8,2.499954,2.499954,4.999909,2.499954
13,44.4,2.499954,2.499954,4.999909,2.499954
13,45,2.499954,2.499954,4.999909,2.499954
13,45.6,2.499954,2.499954,4.999909,2.499954
13,46.2,2.499954,2.499954,4.999909,2.499954
13,46.8,2.499954,2.499954,4.999909,2.499954
13,47.4,2.499954,2.499954,4.999909,2.499954
13,48,2.499954,2.499954,4.999909,2.499954
13,48.6,2.499954,2.499954,4.999909,2.499954
13,49.2,2.499954,2.499954,4.999909,2.499954
13,49.8,2.499954,2.499954,4.999909,2.499954
13,50.4,2.499954,2.499954,4.999909,2.499954
13,51,2.499954,2.499954,4.999909,2.499954
13,51.6,2.499954,2.499954,4.999909,2.499954
13,52.2,2.499954,2.499954,4.999909,2.499954
13,52.8,2.499954,2.499954,4.999909,2.499954
13,53.4,2.499954,2.499954,4.999909,2.499954
13,54,2.499954,2.499954,4.999909,2.499954
13,54.6,2.499954,2.499954,4.999909,2.499954
13,55.2,2.499954,2.499954,4.999909,2.499954
13,55.8,2.499954,2.499954,4.999909,2.499954
13,56.4,2.499954,2.499954,4.999909,2.499954
13,57,2.499954,2.499954,4.999909,2.499954
13,57.6,2.499954,2.499954,4.999909,2.499954
13,58.2,2.499954,2.499954,4.999909,2.499954
13,58.8,2.499954,2.499954,4.999909,2.499954
13,59.4,2.499954,2.499954,4.999909,2.499954
13,60,2.499954,2.499954,4.999909,2.499954
14,0,10,0,0,10
14,0.6,6.505896,3.494104,6.988208,6.505896
14,1.2,5.453003,4.546997,9.093994,5.453003
14,1.8,5.135563,4.864437,9.728873,5.135563
14,2.4,5.040634,4.959366,9.918732,5.040634
14,3,5.012173,4.987827,9.975655,5.012173
14,3.6,5.003547,4.996453,9.992906,5.003547
14,4.2,5.000996,4.999004,9.998009,5.000996
14,4.8,5.00028,4.99972,9.999439,5.00028
14,5.4,4.999917,5.000083,10.00017,4.999917
14,6,4.99969,5.00031,10.00062,4.99969
14,6.6,4.999718,5.000282,10.00056,4.999718
14,7.2,4.999881,5.000119,10.00024,4.999881
14,7.8,4.999995,5.000005,10.00001,4.999995
14,8.4,5.000075,4.999925,9.99985,5.000075
14,9,5.000114,4.999886,9.999772,5.000114
14,9.6,5.000097,4.999903,9.999806,5.000097
14,10.2,0.8241043,4.175805,8.351609,0.8241043
14,10.8,1.99569,3.004219,6.008438,1.99569
14,11.4,2.348713,2.651196,5.302392,2.348713
14,12,2.454515,2.545394,5.090789,2.454515
14,12.6,2.486582,2.513326,5.026653,2.486582
14,13.2,2.495939,2.50397,5.007941,2.495939
14,13.8,2.498757,2.501152,5.002304,2.498757
14,14.4,2.499721,2.500188,5.000377,2.499721
14,15,2.50021,2.499699,4.999398,2.50021
14,15.6,2.50032,2.499588,4.999177,2.50032
14,16.2,2.500163,2.499746,4.999493,2.500163
14,16.8,2.499995,2.499913,4.999827,2.499995
14,17.4,2.499899,2.50001,5.000021,2.499899
14,18,2.499883,2.500026,5.000051,2.499883
14,18.6,2.499883,2.500026,5.000052,2.499883
14,19.2,2.499918,2.499991,4.999982,2.499918
14,19.8,2.499944,2.499964,4.999928,2.499944
14,20.4,2.499972,2.499937,4.999874,2.499972
14,21,2.499999,2.49991,4.999819,2.499999
14,21.6,2.500002,2.499907,4.999814,2.500002
14,22.2,2.499991,2.499918,4.999836,2.499991
14,22.8,2.499993,2.499916,4.999832,2.499993
14,23.4,2.499985,2.499924,4.999847,2.499985
14,24,2.499971,2.499938,4.999876,2.499971
14,24.6,2.499963,2.499946,4.999891,2.499963
14,25.2,2.499957,2.499951,4.999903,2.499957
14,25.8,2.499954,2.499954,4.999908,2.499954
14,26.4,2.499951,2.499958,4.999915,2.499951
14,27,2.49995,2.499959,4.999917,2.49995
14,27.6,2.499952,2.499957,4.999914,2.499952
14,28.2,2.499949,2.499959,4.999919,2.499949
14,28.8,2.499948,2.499961,4.999923,2.499948
14,29.4,2.499947,2.499962,4.999924,2.499947
14,30,2.499947,2.499962,4.999924,2.499947
14,30.6,2.499948,2.499961,4.999922,2.499948
14,31.2,2.499949,2.499959,4.999919,2.499949
14,31.8,2.499952,2.499957,4.999914,2.499952
14,32.4,2.499952,2.499957,4.999914,2.499952
14,33,2.499952,2.499957,4.999913,2.499952
14,33.6,2.499953,2.499956,4.999913,2.499953
14,34.2,2.499953,2.499956,4.999912,2.499953
14,34.8,2.499953,2.499956,4.999911,2.499953
14,35.4,2.499954,2.499955,4.99991,2.499954
14,36,2.499954,2.499955,4.999909,2.499954
14,36.6,2.499954,2.499955,4.999909,2.499954
14,37.2,2.499954,2.499955,4.999909,2.499954
14,37.8,2.499954,2.499954,4.999909,2.499954
14,38.4,2.499954,2.499954,4.999909,2.499954
14,39,2.499954,2.499954,4.999909,2.499954
14,39.6,2.499954,2.499954,4.999909,2.499954
14,40.2,2.499954,2.499954,4.999908,2.499954
14,40.8,2.499954,2.499954,4.999908,2.499954
14,41.4,2.499954,2.499954,4.999908,2.499954
14,42,2.499954,2.499954,4.999908,2.499954
14,42.6,2.499954,2.499954,4.999909,2.499954
14,43.2,2.499954,2.499954,4.999909,2.499954
14,43.8,2.499954,2.499954,4.999909,2.499954
14,44.4,2.499954,2.499954,4.999909,2.499954
14,45,2.499954,2.499954,4.999909,2.499954
14,45.6,2.499954,2.499954,4.999909,2.499954
14,46.2,2.499954,2.499954,4.999909,2.499954
14,46.8,2.499954,2.499954,4.999909,2.499954
14,47.4,2.499954,2.499954,4.999909,2.499954
14,48,2.499954,2.499954,4.999909,2.499954
14,48.6,2.499954,2.499954,4.999909,2.499954
14,49.2,2.499954,2.499954,4.999909,2.499954
14,49.8,2.499954,2.499954,4.999909,2.499954
14,50.4,2.499954,2.499954,4.999909,2.499954
14,51,2.499954,2.499954,4.999909,2.499954
14,51.6,2.499954,2.499954,4.999909,2.499954
14,52.2,2.499954,2.499954,4.999909,2.499954
14,52.8,2.499954,2.499954,4.999909,2.499954
14,53.4,2.499954,2.499954,4.999909,2.499954
14,54,2.499954,2.499954,4.999909,2.499954
14,54.6,2.499954,2.499954,4.999909,2.499954
14,55.2,2.499954,2.499954,4.999909,2.499954
14,55.8,2.499954,2.499954,4.999909,2.499954
14,56.4,2.499954,2.499954,4.999909,2.499954
14,57,2.499954,2.499954,4.999909,2.499954
14,57.6,2.499954,2.499954,4.999909,2.499954
14,58.2,2.499954,2.499954,4.999909,2.499954
14,58.8,2.499954,2.499954,4.999909,2.499954
14,59.4,2.499954,2.499954,4.999909,2.499954
14,60,2.499954,2.499954,4.999909,2.499954
15,0,10,0,0,10
15,0.6,6.505896,3.494104,6.988208,6.505896
15,1.2,5.453003,4.546997,9.093994,5.453003
15,1.8,5.135563,4.864437,9.728873,5.135563
15,2.4,5.040634,4.959366,9.918732,5.040634
15,3,5.012173,4.987827,9.975655,5.012173
15,3.6,5.003547,4.996453,9.992906,5.003547
15,4.2,5.000996,4.999004,9.998009,5.000996
15,4.8,5.00028,4.99972,9.999439,5.00028
15,5.4,4.999917,5.000083,10.00017,4.999917
15,6,4.99969,5.00031,10.00062,4.99969
15,6.6,4.999718,5.000282,10.00056,4.999718
15,7.2,4.999881,5.000119,10.00024,4.999881
15,7.8,4.999995,5.000005,10.00001,4.999995
15,8.4,5.000075,4.999925,9.99985,5.000075
15,9,5.000114,4.999886,9.999772,5.000114
15,9.6,5.000097,4.999903,9.999806,5.000097
15,10.2,0.8241043,4.175805,8.351609,0.8241043
15,10.8,1.99569,3.004219,6.008438,1.99569
15,11.4,2.348713,2.651196,5.302392,2.348713
15,12,2.454515,2.545394,5.090789,2.454515
15,12.6,2.486582,2.513326,5.026653,2.486582
15,13.2,2.495939,2.50397,5.007941,2.495939
15,13.8,2.498757,2.501152,5.002304,2.498757
15,14.4,2.499721,2.500188,5.000377,2.499721
15,15,2.50021,2.499699,4.999398,2.50021
15,15.6,2.50032,2.499588,4.999177,2.50032
15,16.2,2.500163,2.499746,4.999493,2.500163
15,16.8,2.499995,2.499913,4.999827,2.499995
15,17.4,2.499899,2.50001,5.000021,2.499899
15,18,2.499883,2.500026,5.000051,2.499883
15,18.6,2.499883,2.500026,5.000052,2.499883
15,19.2,2.499918,2.499991,4.999982,2.499918
15,19.8,2.499944,2.499964,4.999928,2.499944
15,20.4,2.499972,2.499937,4.999874,2.499972
15,21,2.499999,2.49991,4.999819,2.499999
15,21.6,2.500002,2.499907,4.999814,2.500002
15,22.2,2.499991,2.499918,4.999836,2.499991
15,22.8,2.499993,2.499916,4.999832,2.499993
15,23.4,2.499985,2.499924,4.999847,2.499985
15,24,2.499971,2.499938,4.999876,2.499971
15,24.6,2.499963,2.499946,4.999891,2.499963
15,25.2,2.499957,2.499951,4.999903,2.499957
15,25.8,2.499954,2.499954,4.999908,2.499954
15,26.4,2.499951,2.499958,4.999915,2.499951
15,27,2.49995,2.499959,4.999917,2.49995
15,27.6,2.499952,2.499957,4.999914,2.499952
15,28.2,2.499949,2.499959,4.999919,2.499949
15,28.8,2.499948,2.499961,4.999923,2.499948
15,29.4,2.499947,2.499962,4.999924,2.499947
15,30,2.499947,2.499962,4.999924,2.499947
15,30.6,2.499948,2.499961,4.999922,2.499948
15,31.2,2.499949,2.499959,4.999919,2.499949
15,31.8,2.499952,2.499957,4.999914,2.499952
15,32.4,2.499952,2.499957,4.999914,2.499952
15,33,2.499952,2.499957,4.999913,2.499952
15,33.6,2.499953,2.499956,4.999913,2.499953
15,34.2,2.499953,2.499956,4.999912,2.499953
15,34.8,2.499953,2.499956,4.999911,2.499953
15,35.4,2.499954,2.499955,4.99991,2.499954
15,36,2.499954,2.499955,4.999909,2.499954
15,36.6,2.499954,2.499955,4.999909,2.499954
15,37.2,2.499954,2.499955,4.999909,2.499954
15,37.8,2.499954,2.499954,4.999909,2.499954
15,38.4,2.499954,2.499954,4.999909,2.499954
15,39,2.499954,2.499954,4.999909,2.499954
15,39.6,2.499954,2.499954,4.999909,2.499954
15,40.2,2.499954,2.499954,4.999908,2.499954
15,40.8,2.499954,2.499954,4.999908,2.499954
15,41.4,2.499954,2.499954,4.999908,2.499954
15,42,2.499954,2.499954,4.999908,2.499954
15,42.6,2.499954,2.499954,4.999909,2.499954
15,43.2,2.499954,2.499954,4.999909,2.499954
15,43.8,2.499954,2.499954,4.999909,2.499954
15,44.4,2.499954,2.499954,4.999909,2.499954
15,45,2.499954,2.499954,4.999909,2.499954
15,45.6,2.499954,2.499954,4.999909,2.499954
15,46.2,2.499954,2.499954,4.999909,2.499954
15,46.8,2.499954,2.499954,4.999909,2.499954
15,47.4,2.499954,2.499954,4.999909,2.499954
15,48,2.499954,2.499954,4.999909,2.499954
15,48.6,2.499954,2.499954,4.999909,2.499954
15,49.2,2.499954,2.499954,4.999909,2.499954
15,49.8,2.499954,2.499954,4.999909,2.499954
15,50.4,2.499954,2.499954,4.999909,2.499954
15,51,2.499954,2.499954,4.999909,2.499954
15,51.6,2.499954,2.499954,4.999909,2.499954
15,52.2,2.499954,2.499954,4.999909,2.499954
15,52.8,2.499954,2.499954,4.999909,2.499954
15,53.4,2.499954,2.499954,4.999909,2.499954
15,54,2.499954,2.499954,4.999909,2.499954
15,54.6,2.499954,2.499954,4.999909,2.499954
15,55.2,2.499954,2.499954,4.999909,2.499954
15,55.8,2.499954,2.499954,4.999909,2.499954
15,56.4,2.499954,2.499954,4.999909,2.499954
15,57,2.499954,2.499954,4.999909,2.499954
15,57.6,2.499954,2.499954,4.999909,2.499954
15,58.2,2.499954,2.499954,4.999909,2.499954
15,58.8,2.499954,2.499954,4.999909,2.499954
15,59.4,2.499954,2.499954,4.999909,2.499954
15,60,2.499954,2.499954,4.999909,2.499954
16,0,10,0,0,10
16,0.6,6.505896,3.494104,6.988208,6.505896
16,1.2,5.453003,4.546997,9.093994,5.453003
16,1.8,5.135563,4.864437,9.728873,5.135563
16,2.4,5.040634,4.959366,9.918732,5.040634
16,3,5.012173,4.987827,9.975655,5.012173
16,3.6,5.003547,4.996453,9.992906,5.003547
16,4.2,5.000996,4.999004,9.998009,5.000996
16,4.8,5.00028,4.99972,9.999439,5.00028
16,5.4,4.999917,5.000083,10.00017,4.999917
16,6,4.99969,5.00031,10.00062,4.99969
16,6.6,4.999718,5.000282,10.00056,4.999718
16,7.2,4.999881,5.000119,10.00024,4.999881
16,7.8,4.999995,5.000005,10.00001,4.999995
16,8.4,5.000075,4.999925,9.99985,5.000075
16,9,5.000114,4.999886,9.999772,5.000114
16,9.6,5.000097,4.999903,9.999806,5.000097
16,10.2,0.8241043,4.175805,8.351609,0.8241043
16,10.8,1.99569,3.004219,6.008438,1.99569
16,11.4,2.348713,2.651196,5.302392,2.348713
16,12,2.454515,2.545394,5.090789,2.454515
16,12.6,2.486582,2.513326,5.026653,2.486582
16,13.2,2.495939,2.50397,5.007941,2.495939
16,13.8,2.498757,2.501152,5.002304,2.498757
16,14.4,2.499721,2.500188,5.000377,2.499721
16,15,2.50021,2.499699,4.999398,2.50021
16,15.6,2.50032,2.499588,4.999177,2.50032
16,16.2,2.500163,2.499746,4.999493,2.500163
16,16.8,2.499995,2.499913,4.999827,2.499995
16,17.4,2.499899,2.50001,5.000021,2.499899
16,18,2.499883,2.500026,5.000051,2.499883
16,18.6,2.499883,2.500026,5.000052,2.499883
16,19.2,2.499918,2.499991,4.999982,2.499918
16,19.8,2.499944,2.499964,4.999928,2.499944
16,20.4,2.499972,2.499937,4.999874,2.499972
16,21,2.499999,2.49991,4.999819,2.499999
16,21.6,2.500002,2.499907,4.999814,2.500002
16,22.2,2.499991,2.499918,4.999836,2.499991
16,22.8,2.499993,2.499916,4.999832,2.499993
16,23.4,2.499985,2.499924,4.999847,2.499985
16,24,2.499971,2.499938,4.999876,2.499971
16,24.6,2.499963,2.499946,4.999891,2.499963
16,25.2,2.499957,2.499951,4.999903,2.499957
16,25.8,2.499954,2.499954,4.999908,2.499954
16,26.4,2.499951,2.499958,4.999915,2.499951
16,27,2.49995,2.499959,4.999917,2.49995
16,27.6,2.499952,2.499957,4.999914,2.499952
16,28.2,2.499949,2.499959,4.999919,2.499949
16,28.8,2.499948,2.499961,4.999923,2.499948
16,29.4,2.499947,2.499962,4.999924,2.499947
16,30,2.499947,2.499962,4.999924,2.499947
16,30.6,2.499948,2.499961,4.999922,2.499948
16,31.2,2.499949,2.499959,4.999919,2.499949
16,31.8,2.499952,2.499957,4.999914,2.499952
16,32.4,2.499952,2.499957,4.999914,2.499952
16,33,2.499952,2.499957,4.999913,2.499952
16,33.6,2.499953,2.499956,4.999913,2.499953
16,34.2,2.499953,2.499956,4.999912,2.499953
16,34.8,2.499953,2.499956,4.999911,2.499953
16,35.4,2.499954,2.499955,4.99991,2.499954
16,36,2.499954,2.499955,4.999909,2.499954
16,36.6,2.499954,2.499955,4.999909,2.499954
16,37.2,2.499954,2.499955,4.999909,2.499954
16,37.8,2.499954,2.499954,4.999909,2.499954
16,38.4,2.499954,2.499954,4.999909,2.499954
16,39,2.499954,2.499954,4.999909,2.499954
16,39.6,2.499954,2.499954,4.999909,2.499954
16,40.2,2.499954,2.499954,4.999908,2.499954
16,40.8,2.499954,2.499954,4.999908,2.499954
16,41.4,2.499954,2.499954,4.999908,2.499954
16,42,2.499954,2.499954,4.999908,2.499954
16,42.6,2.499954,2.499954,4.999909,2.499954
16,43.2,2.499954,2.499954,4.999909,2.499954
16,43.8,2.499954,2.499954,4.999909,2.499954
16,44.4,2.499954,2.499954,4.999909,2.499954
16,45,2.499954,2.499954,4.999909,2.499954
16,45.6,2.499954,2.499954,4.999909,2.499954
16,46.2,2.499954,2.499954,4.999909,2.499954
16,46.8,2.499954,2.499954,4.999909,2.499954
16,47.4,2.499954,2.499954,4.999909,2.499954
16,48,2.499954,2.499954,4.999909,2.499954
16,48.6,2.499954,2.499954,4.999909,2.499954
16,49.2,2.499954,2.499954,4.999909,2.499954
16,49.8,2.499954,2.499954,4.999909,2.499954
16,50.4,2.499954,2.499954,4.999909,2.499954
16,51,2.499954,2.499954,4.999909,2.499954
16,51.6,2.499954,2.499954,4.999909,2.499954
16,52.2,2.499954,2.499954,4.999909,2.499954
16,52.8,2.499954,2.499954,4.999909,2.499954
16,53.4,2.499954,2.499954,4.999909,2.499954
16,54,2.499954,2.499954,4.999909,2.499954
16,54.6,2.499954,2.499954,4.999909,2.499954
16,55.2,2.499954,2.499954,4.999909,2.499954
16,55.8,2.499954,2.499954,4.999909,2.499954
16,56.4,2.499954,2.499954,4.999909,2.499954
16,57,2.499954,2.499954,4.999909,2.499954
16,57.6,2.499954,2.499954,4.999909,2.499954
16,58.2,2.499954,2.499954,4.999909,2.499954
16,58.8,2.499954,2.499954,4.999909,2.499954
16,59.4,2.499954,2.499954,4.999909,2.499954
16,60,2.499954,2.499954,4.999909,2.499954
17,0,10,0,0,10
17,0.6,6.505896,3.494104,6.988208,6.505896
17,1.2,5.453003,4.546997,9.093994,5.453003
17,1.8,5.135563,4.864437,9.728873,5.135563
17,2.4,5.040634,4.959366,9.918732,5.040634
17,3,5.012173,4.987827,9.975655,5.012173
17,3.6,5.003547,4.996453,9.992906,5.003547
17,4.2,5.000996,4.999004,9.998009,5.000996
17,4.8,5.00028,4.99972,9.999439,5.00028
17,5.4,4.999917,5.000083,10.00017,4.999917
17,6,4.99969,5.00031,10.00062,4.99969
17,6.6,4.999718,5.000282,10.00056,4.999718
17,7.2,4.999881,5.000119,10.00024,4.999881
17,7.8,4.999995,5.000005,10.00001,4.999995
17,8.4,5.000075,4.999925,9.99985,5.000075
17,9,5.000114,4.999886,9.999772,5.000114
17,9.6,5.000097,4.999903,9.999806,5.000097
17,10.2,0.8241043,4.175805,8.351609,0.8241043
17,10.8,1.99569,3.004219,6.008438,1.99569
17,11.4,2.348713,2.651196,5.302392,2.348713
17,12,2.454515,2.545394,5.090789,2.454515
17,12.6,2.486582,2.513326,5.026653,2.486582
17,13.2,2.495939,2.50397,5.007941,2.495939
17,13.8,2.498757,2.501152,5.002304,2.498757
17,14.4,2.499721,2.500188,5.000377,2.499721
17,15,2.50021,2.499699,4.999398,2.50021
17,15.6,2.50032,2.499588,4.999177,2.50032
17,16.2,2.500163,2.499746,4.999493,2.500163
17,16.8,2.499995,2.499913,4.999827,2.499995
17,17.4,2.499899,2.50001,5.000021,2.499899
17,18,2.499883,2.500026,5.000051,2.499883
17,18.6,2.499883,2.500026,5.000052,2.499883
17,19.2,2.499918,2.499991,4.999982,2.499918
17,19.8,2.499944,2.499964,4.999928,2.499944
17,20.4,2.499972,2.499937,4.999874,2.499972
17,21,2.499999,2.49991,4.999819,2.499999
17,21.6,2.500002,2.499907,4.999814,2.500002
17,22.2,2.499991,2.499918,4.999836,2.499991
17,22.8,2.499993,2.499916,4.999832,2.499993
17,23.4,2.499985,2.499924,4.999847,2.499985
17,24,2.499971,2.499938,4.999876,2.499971
17,24.6,2.499963,2.499946,4.999891,2.499963
17,25.2,2.499957,2.499951,4.999903,2.499957
17,25.8,2.499954,2.499954,4.999908,2.499954
17,26.4,2.499951,2.499958,4.999915,2.499951
17,27,2.49995,2.499959,4.999917,2.49995
17,27.6,2.499952,2.499957,4.999914,2.499952
17,28.2,2.499949,2.499959,4.999919,2.499949
17,28.8,2.499948,2.499961,4.999923,2.499948
17,29.4,2.499947,2.499962,4.999924,2.499947
17,30,2.499947,2.499962,4.999924,2.499947
17,30.6,2.499948,2.499961,4.999922,2.499948
17,31.2,2.499949,2.499959,4.999919,2.499949
17,31.8,2.499952,2.499957,4.999914,2.499952
17,32.4,2.499952,2.499957,4.999914,2.499952
17,33,2.499952,2.499957,4.999913,2.499952
17,33.6,2.499953,2.499956,4.999913,2.499953
17,34.2,2.499953,2.499956,4.999912,2.499953
17,34.8,2.499953,2.499956,4.999911,2.499953
17,35.4,2.499954,2.499955,4.99991,2.499954
17,36,2.499954,2.499955,4.999909,2.499954
17,36.6,2.499954,2.499955,4.999909,2.499954
17,37.2,2.499954,2.499955,4.999909,2.499954
17,37.8,2.499954,2.499954,4.999909,2.499954
17,38.4,2.499954,2.499954,4.999909,2.499954
17,39,2.499954,2.499954,4.999909,2.499954
17,39.6,2.499954,2.499954,4.999909,2.499954
17,40.2,2.499954,2.499954,4.999908,2.499954
17,40.8,2.499954,2.499954,4.999908,2.499954
17,41.4,2.499954,2.499954,4.999908,2.499954
17,42,2.499954,2.499954,4.999908,2.499954
17,42.6,2.499954,2.499954,4.999909,2.499954
17,43.2,2.499954,2.499954,4.999909,2.499954
17,43.8,2.499954,2.499954,4.999909,2.499954
17,44.4,2.499954,2.499954,4.999909,2.499954
17,45,2.499954,2.499954,4.999909,2.499954
17,45.6,2.499954,2.499954,4.999909,2.499954
17,46.2,2.499954,2.499954,4.999909,2.499954
17,46.8,2.499954,2.499954,4.999909,2.499954
17,47.4,2.499954,2.499954,4.999909,2.499954
17,48,2.499954,2.499954,4.999909,2.499954
17,48.6,2.499954,2.499954,4.999909,2.499954
17,49.2,2.499954,2.499954,4.999909,2.499954
17,49.8,2.499954,2.499954,4.999909,2.499954
17,50.4,2.499954,2.499954,4.999909,2.499954
17,51,2.499954,2.499954,4.999909,2.499954
17,51.6,2.499954,2.499954,4.999909,2.499954
17,52.2,2.499954,2.499954,4.999909,2.499954
17,52.8,2.499954,2.499954,4.999909,2.499954
17,53.4,2.499954,2.499954,4.999909,2.499954
17,54,2.499954,2.499954,4.999909,2.499954
17,54.6,2.499954,2.499954,4.999909,2.499954
17,55.2,2.499954,2.499954,4.999909,2.499954
17,55.8,2.499954,2.499954,4.999909,2.499954
17,56.4,2.499954,2.499954,4.999909,2.499954
17,57,2.499954,2.499954,4.999909,2.499954
17,57.6,2.499954,2.499954,4.999909,2.499954
17,58.2,2.499954,2.499954,4.999909,2.499954
17,58.8,2.499954,2.499954,4.999909,2.499954
17,59.4,2.499954,2.499954,4.999909,2.499954
17,60,2.499954,2.499954,4.999909,2.499954
18,0,10,0,0,10
18,0.6,6.505896,3.494104,6.988208,6.505896
18,1.2,5.453003,4.546997,9.093994,5.453003
18,1.8,5.135563,4.864437,9.728873,5.135563
18,2.4,5.040634,4.959366,9.918732,5.040634
18,3,5.012173,4.987827,9.975655,5.012173
18,3.6,5.003547,4.996453,9.992906,5.003547
18,4.2,5.000996,4.999004,9.998009,5.000996
18,4.8,5.00028,4.99972,9.999439,5.00028
18,5.4,4.999917,5.000083,10.00017,4.999917
18,6,4.99969,5.00031,10.00062,4.99969
18,6.6,4.999718,5.000282,10.00056,4.999718
18,7.2,4.999881,5.000119,10.00024,4.999881
18,7.8,4.999995,5.000005,10.00001,4.999995
18,8.4,5.000075,4.999925,9.99985,5.000075
18,9,5.000114,4.999886,9.999772,5.000114
18,9.6,5.000097,4.999903,9.999806,5.000097
18,10.2,0.8241043,4.175805,8.351609,0.8241043
18,10.8,1.99569,3.004219,6.008438,1.99569
18,11.4,2.348713,2.651196,5.302392,2.348713
18,12,2.454515,2.545394,5.090789,2.454515
18,12.6,2.486582,2.513326,5.026653,2.486582
18,13.2,2.495939,2.50397,5.007941,2.495939
18,13.8,2.498757,2.501152,5.002304,2.498757
18,14.4,2.499721,2.500188,5.000377,2.499721
18,15,2.50021,2.499699,4.999398,2.50021
18,15.6,2.50032,2.499588,4.999177,2.50032
18,16.2,2.500163,2.499746,4.999493,2.500163
18,16.8,2.499995,2.499913,4.999827,2.499995
18,17.4,2.499899,2.50001,5.000021,2.499899
18,18,2.499883,2.500026,5.000051,2.499883
18,18.6,2.499883,2.500026,5.000052,2.499883
18,19.2,2.499918,2.499991,4.999982,2.499918
18,19.8,2.499944,2.499964,4.999928,2.499944
18,20.4,2.499972,2.499937,4.999874,2.499972
18,21,2.499999,2.49991,4.999819,2.499999
18,21.6,2.500002,2.499907,4.999814,2.500002
18,22.2,2.499991,2.499918,4.999836,2.499991
18,22.8,2.499993,2.499916,4.999832,2.499993
18,23.4,2.499985,2.499924,4.999847,2.499985
18,24,2.499971,2.499938,4.999876,2.499971
18,24.6,2.499963,2.499946,4.999891,2.499963
18,25.2,2.499957,2.499951,4.999903,2.499957
18,25.8,2.499954,2.499954,4.999908,2.499954
18,26.4,2.499951,2.499958,4.999915,2.499951
18,27,2.49995,2.499959,4.999917,2.49995
18,27.6,2.499952,2.499957,4.999914,2.499952
18,28.2,2.499949,2.499959,4.999919,2.499949
18,28.8,2.499948,2.499961,4.999923,2.499948
18,29.4,2.499947,2.499962,4.999924,2.499947
18,30,2.499947,2.499962,4.999924,2.499947
18,30.6,2.499948,2.499961,4.999922,2.499948
18,31.2,2.499949,2.499959,4.999919,2.499949
18,31.8,2.499952,2.499957,4.999914,2.499952
18,32.4,2.499952,2.499957,4.999914,2.499952
18,33,2.499952,2.499957,4.999913,2.499952
18,33.6,2.499953,2.499956,4.999913,2.499953
18,34.2,2.499953,2.499956,4.999912,2.499953
18,34.8,2.499953,2.499956,4.999911,2.499953
18,35.4,2.499954,2.499955,4.99991,2.499954
18,36,2.499954,2.499955,4.999909,2.499954
18,36.6,2.499954,2.499955,4.999909,2.499954
18,37.2,2.499954,2.499955,4.999909,2.499954
18,37.8,2.499954,2.499954,4.999909,2.499954
18,38.4,2.499954,2.499954,4.999909,2.499954
18,39,2.499954,2.499954,4.999909,2.499954
18,39.6,2.499954,2.499954,4.999909,2.499954
18,40.2,2.499954,2.499954,4.999908,2.499954
18,40.8,2.499954,2.499954,4.999908,2.499954
18,41.4,2.499954,2.499954,4.999908,2.499954
18,42,2.499954,2.499954,4.999908,2.499954
18,42.6,2.499954,2.499954,4.999909,2.499954
18,43.2,2.499954,2.499954,4.999909,2.499954
18,43.8,2.499954,2.499954,4.999909,2.499954
18,44.4,2.499954,2.499954,4.999909,2.499954
18,45,2.499954,2.499954,4.999909,2.499954
18,45.6,2.499954,2.499954,4.999909,2.499954
18,46.2,2.499954,2.499954,4.999909,2.499954
18,46.8,2.499954,2.499954,4.999909,2.499954
18,47.4,2.499954,2.499954,4.999909,2.499954
18,48,2.499954,2.499954,4.999909,2.499954
18,48.6,2.499954,2.499954,4.999909,2.499954
18,49.2,2.499954,2.499954,4.999909,2.499954
18,49.8,2.499954,2.499954,4.999909,2.499954
18,50.4,2.499954,2.499954,4.999909,2.499954
18,51,2.499954,2.499954,4.999909,2.499954
18,51.6,2.499954,2.499954,4.999909,2.499954
18,52.2,2.499954,2.499954,4.999909,2.499954
18,52.8,2.499954,2.499954,4.999909,2.499954
18,53.4,2.499954,2.499954,4.999909,2.499954
18,54,2.499954,2.499954,4.999909,2.499954
18,54.6,2.499954,2.499954,4.999909,2.499954
18,55.2,2.499954,2.499954,4.999909,2.499954
18,55.8,2.499954,2.499954,4.999909,2.499954
18,56.4,2.499954,2.499954,4.999909,2.499954
18,57,2.499954,2.499954,4.999909,2.499954
18,57.6,2.499954,2.499954,4.999909,2.499954
18,58.2,2.499954,2.499954,4.999909,2.499954
18,58.8,2.499954,2.499954,4.999909,2.499954
18,59.4,2.499954,2.499954,4.999909,2.499954
18,60,2.499954,2.499954,4.999909,2.499954
19,0,10,0,0,10
19,0.6,6.505896,3.494104,6.988208,6.505896
19,1.2,5.453003,4.546997,9.093994,5.453003
19,1.8,5.135563,4.864437,9.728873,5.135563
19,2.4,5.040634,4.959366,9.918732,5.040634
19,3,5.012173,4.987827,9.975655,5.012173
19,3.6,5.003547,4.996453,9.992906,5.003547
19,4.2,5.000996,4.999004,9.998009,5.000996
19,4.8,5.00028,4.99972,9.999439,5.00028
19,5.4,4.999917,5.000083,10.00017,4.999917
19,6,4.99969,5.00031,10.00062,4.99969
19,6.6,4.999718,5.000282,10.00056,4.999718
19,7.2,4.999881,5.000119,10.00024,4.999881
19,7.8,4.999995,5.000005,10.00001,4.999995
19,8.4,5.000075,4.999925,9.99985,5.000075
19,9,5.000114,4.999886,9.999772,5.000114
19,9.6,5.000097,4.999903,9.999806,5.000097
19,10.2,0.8241043,4.175805,8.351609,0.8241043
19,10.8,1.99569,3.004219,6.008438,1.99569
19,11.4,2.348713,2.651196,5.302392,2.348713
19,12,2.454515,2.545394,5.090789,2.454515
19,12.6,2.486582,2.513326,5.026653,2.486582
19,13.2,2.495939,2.50397,5.007941,2.495939
19,13.8,2.498757,2.501152,5.002304,2.498757
19,14.4,2.499721,2.500188,5.000377,2.499721
19,15,2.50021,2.499699,4.999398,2.50021
19,15.6,2.50032,2.499588,4.999177,2.50032
19,16.2,2.500163,2.499746,4.999493,2.500163
19,16.8,2.499995,2.499913,4.999827,2.499995
19,17.4,2.499899,2.50001,5.000021,2.499899
19,18,2.499883,2.500026,5.000051,2.499883
19,18.6,2.499883,2.500026,5.000052,2.499883
19,19.2,2.499918,2.499991,4.999982,2.499918
19,19.8,2.499944,2.499964,4.999928,2.499944
19,20.4,2.499972,2.499937,4.999874,2.499972
19,21,2.499999,2.49991,4.999819,2.499999
19,21.6,2.500002,2.499907,4.999814,2.500002
19,22.2,2.499991,2.499918,4.999836,2.499991
19,22.8,2.499993,2.499916,4.999832,2.499993
19,23.4,2.499985,2.499924,4.999847,2.499985
19,24,2.499971,2.499938,4.999876,2.499971
19,24.6,2.499963,2.499946,4.999891,2.499963
19,25.2,2.499957,2.499951,4.999903,2.499957
19,25.8,2.499954,2.499954,4.999908,2.499954
19,26.4,2.499951,2.499958,4.999915,2.499951
19,27,2.49995,2.499959,4.999917,2.49995
19,27.6,2.499952,2.499957,4.999914,2.499952
19,28.2,2.499949,2.499959,4.999919,2.499949
19,28.8,2.499948,2.499961,4.999923,2.499948
19,29.4,2.499947,2.499962,4.999924,2.499947
19,30,2.499947,2.499962,4.999924,2.499947
19,30.6,2.499948,2.499961,4.999922,2.499948
19,31.2,2.499949,2.499959,4.999919,2.499949
19,31.8,2.499952,2.499957,4.999914,2.499952
19,32.4,2.499952,2.499957,4.999914,2.499952
19,33,2.499952,2.499957,4.999913,2.499952
19,33.6,2.499953,2.499956,4.999913,2.499953
19,34.2,2.499953,2.499956,4.999912,2.499953
19,34.8,2.499953,2.499956,4.999911,2.499953
19,35.4,2.499954,2.499955,4.99991,2.499954
19,36,2.499954,2.499955,4.999909,2.499954
19,36.6,2.499954,2.499955,4.999909,2.499954
19,37.2,2.499954,2.499955,4.999909,2.499954
19,37.8,2.499954,2.499954,4.999909,2.499954
19,38.4,2.499954,2.499954,4.999909,2.499954
19,39,2.499954,2.499954,4.999909,2.499954
19,39.6,2.499954,2.499954,4.999909,2.499954
19,40.2,2.499954,2.499954,4.999908,2.499954
19,40.8,2.499954,2.499954,4.999908,2.499954
19,41.4,2.499954,2.499954,4.999908,2.499954
19,42,2.499954,2.499954,4.999908,2.499954
19,42.6,2.499954,2.499954,4.999909,2.499954
19,43.2,2.499954,2.499954,4.999909,2.499954
19,43.8,2.499954,2.499954,4.999909,2.499954
19,44.4,2.499954,2.499954,4.999909,2.499954
19,45,2.499954,2.499954,4.999909,2.499954
19,45.6,2.499954,2.499954,4.999909,2.499954
19,46.2,2.499954,2.499954,4.999909,2.499954
19,46.8,2.499954,2.499954,4.999909,2.499954
19,47.4,2.499954,2.499954,4.999909,2.499954
19,48,2.499954,2.499954,4.999909,2.499954
19,48.6,2.499954,2.499954,4.999909,2.499954
19,49.2,2.499954,2.499954,4.999909,2.499954
19,49.8,2.499954,2.499954,4.999909,2.499954
19,50.4,2.499954,2.499954,4.999909,2.499954
19,51,2.499954,2.499954,4.999909,2.499954
19,51.6,2.499954,2.499954,4.999909,2.499954
19,52.2,2.499954,2.499954,4.999909,2.499954
19,52.8,2.499954,2.499954,4.999909,2.499954
19,53.4,2.499954,2.499954,4.999909,2.499954
19,54,2.499954,2.499954,4.999909,2.499954
19,54.6,2.499954,2.499954,4.999909,2.499954
19,55.2,2.499954,2.499954,4.999909,2.499954
19,55.8,2.499954,2.499954,4.999909,2.499954
19,56.4,2.499954,2.499954,4.999909,2.499954
19,57,2.499954,2.499954,4.999909,2.499954
19,57.6,2.499954,2.499954,4.999909,2.499954
19,58.2,2.499954,2.499954,4.999909,2.499954
19,58.8,2.499954,2.499954,4.999909,2.499954
19,59.4,2.499954,2.499954,4.999909,2.499954
19,60,2.499954,2.499954,4.999909,2.499954
